187.9 1.07 1.212
191.405 1.0988139420042347 1.2308117226883617
194.91 1.117875800106599 1.252642841979414
198.416 1.136740771764361 1.2724392016692734
201.921 1.1452097480445889 1.28973019648262
205.426 1.1650941577553788 1.3050373335750571
208.931 1.1892087739446595 1.3170748637635905
212.436 1.201849088407203 1.3264005881017353
215.942 1.2173451562586035 1.3350427243048113
219.447 1.239898608942506 1.340673765677021
222.952 1.2541135934198064 1.342213469195178
226.457 1.2608223155265388 1.3444131044389254
229.963 1.275937148687908 1.3533875516049396
233.468 1.2809117588034291 1.3613832903844543
236.973 1.2798216132686162 1.3667889185272937
240.478 1.2916089185951893 1.373551791230055
243.983 1.3034019605512044 1.3807554719608262
247.489 1.3076746342108683 1.386850978376942
250.994 1.315316058171476 1.3912767917333624
254.499 1.3278777347439181 1.3930594474232074
258.004 1.3390988335601657 1.3911891600974513
261.509 1.349700952930276 1.3871125208288795
265.015 1.3627160665119409 1.3822362843429346
268.52 1.3782032673738644 1.3733853183343916
272.025 1.3948758286716492 1.3570689338175024
275.53 1.4084488983686496 1.334919723270099
279.035 1.414352441281497 1.3098175414956368
282.541 1.4129310464324836 1.2812308756218762
286.046 1.4065139016408301 1.2472110744682479
289.551 1.3975085783777 1.204710769884741
293.056 1.3883829864332609 1.1494999456953299
296.562 1.3769424375954598 1.0779909100442184
300.067 1.3502003230439261 0.9882183728561902
303.572 1.2957459365314417 0.8790471561195866
307.077 1.2186908458450552 0.7543678796014976
310.582 1.1328688617871716 0.6205729062495302
314.088 1.0456090250555659 0.49003964682544304
317.593 0.9351820198673512 0.40154256120675286
321.098 0.7719459902753465 0.40101948194553244
324.603 0.5520932335816611 0.5056885676166628
328.108 0.32959668219694693 0.6685337146548626
331.614 0.16626858122384985 0.8338236478118555
335.119 0.10373485359620986 0.9594979691908826
338.624 0.11035044985994924 1.053117924132897
342.129 0.13785108349214217 1.1334998816088007
345.634 0.14523544186945492 1.2165518091643923
349.14 0.13148445271757017 1.3021710970781244
352.645 0.10926372753346567 1.3847752104169826
356.15 0.0907994058503362 1.4590237447932912
359.655 0.08023951603465099 1.5239946296076439
363.161 0.07475911859837218 1.582579668425068
366.666 0.07130431334973544 1.6377958951760203
370.171 0.06701268216432793 1.6924761303863503
373.676 0.06140671578397035 1.7471588168993462
377.181 0.055626546483083635 1.800826161727517
380.687 0.05084304902481575 1.8524307963800746
384.192 0.04809091589856769 1.9010824149119536
387.697 0.04728790399235052 1.9471789021546406
391.202 0.04780440857542938 1.9917494292804054
394.707 0.04900706692650267 2.035827501649441
398.213 0.05026370776396681 2.0804428241117168
401.718 0.05111612487131157 2.1260701795947994
405.223 0.05146132643442773 2.172051271468359
408.728 0.05123966269194894 2.2175895485897783
412.233 0.05039148388250887 2.2618884598164426
415.739 0.048875634647211424 2.3042093275203444
419.244 0.046844768759078316 2.344419950311115
422.749 0.04456720109185404 2.3827500587079564
426.254 0.04231279355464798 2.4194342242825986
429.76 0.04035140805656955 2.454707018606768
433.265 0.03892788282044497 2.4888183664756522
436.77 0.03809528482094224 2.5221358534796003
440.275 0.03781798106112293 2.5550814868664813
443.78 0.038059857776597025 2.588077568857898
447.286 0.038784801202974506 2.621546401675451
450.791 0.03995669757586536 2.6559102875407437
454.296 0.04152139404237284 2.691457459462949
457.801 0.043345506987817375 2.7278872955416094
461.306 0.045273906479754676 2.76473755197975
464.812 0.047151461985669677 2.80154598052058
468.317 0.04882304297304728 2.837850332907306
471.822 0.050133585464576046 2.873188565973233
475.327 0.05098138529795597 2.9072630650106226
478.832 0.05141413579532254 2.9402365841892006
482.338 0.05150547801165834 2.9723518357093672
485.843 0.05132905300194597 3.0038515317715215
489.348 0.050958501821168005 3.0349783845760627
492.853 0.05046746552430709 3.065975106323395
496.359 0.04992957874569007 3.0970843200879306
499.864 0.049414353940128865 3.1284914284180365
503.369 0.048980104792922086 3.1602263822422687
506.874 0.04868326134371202 3.192292985351496
510.379 0.048580253632140837 3.2246950415365863
513.885 0.0487275116978508 3.2574363545884077
517.39 0.04918146558048417 3.2905207282978304
520.895 0.049998545319683146 3.3239519664557204
524.4 0.051203323184738594 3.3577039349379887
527.905 0.052692392775496796 3.3916302333721626
531.411 0.054330215539683153 3.425554265624203
534.916 0.055981252924929475 3.45929943555998
538.421 0.0575099663788676 3.4926891470453647
541.926 0.058780817349129495 3.5255468039462308
545.431 0.059658267283347076 3.557695810128451
548.937 0.06000681670557514 3.5889596206626524
552.442 0.05974887574704902 3.6192375739064673
555.947 0.05898092761482531 3.6486571091806326
559.452 0.057832029056975036 3.677388349351541
562.958 0.056431236821569176 3.705601417285577
566.463 0.05490760765667882 3.733466435849129
569.968 0.05339019831037502 3.761153527908583
573.473 0.05200806553072873 3.7888328163303258
576.978 0.050890266065811054 3.8166744239807455
580.484 0.05016585666369297 3.8448484737262296
583.989 0.04995790984923578 3.873517739560339
587.494 0.050274056706969654 3.902703228628335
590.999 0.05101761749303143 3.9322978500775525
594.504 0.05208816153872985 3.9621899067649915
598.01 0.053385258175373554 3.9922677015476467
601.515 0.054808476734271215 4.022419537282516
605.02 0.05625738654673147 4.052533716826597
608.525 0.05763155694406302 4.082498543036884
612.03 0.05883055725757461 4.11220231877038
615.536 0.05975395681857486 4.141533346884077
619.041 0.06030760034536202 4.1703873337276764
622.546 0.06047803485394083 4.198755195535645
626.051 0.06030780696506928 4.226693915012267
629.557 0.05984059040257204 4.254261804580508
633.062 0.059120058890273774 4.281517176663335
636.567 0.058189886151999215 4.308518343683713
640.072 0.057093745911573006 4.335323618064611
643.577 0.05587531189281979 4.361991312228997
647.083 0.054578257819564276 4.388579738599836
650.588 0.05324625741563115 4.415147209600097
654.093 0.051922984404845135 4.441752037652744
657.598 0.050652112511030856 4.468452535180745
661.103 0.04947640026662056 4.495305852533251
664.609 0.04841266702864255 4.522336203520822
668.114 0.04744874505260694 4.54953099527945
671.619 0.04657093945789106 4.576875695848096
675.124 0.04576555536387224 4.604355773265718
678.629 0.04501889788992786 4.631956695571274
682.135 0.04431727215543528 4.6596639308037195
685.64 0.04364698327977188 4.687462947002012
689.145 0.042994336382314986 4.715339212205111
692.65 0.042345636582441955 4.7432781944519755
696.156 0.041687188999530125 4.771265361781558
699.661 0.041005298752956894 4.799286182232821
703.166 0.04028627096209965 4.827326123844718
706.671 0.03951749653977263 4.855370634375998
710.176 0.03870142718966311 4.8834048802832175
713.682 0.037851530357636554 4.911413822273297
717.187 0.03698152538272691 4.939382416348352
720.692 0.03610513160396821 4.967295618510492
724.197 0.03523606836039429 4.995138384761834
727.702 0.03438805499103918 5.022895671104489
731.208 0.03357481083493684 5.050552433540575
734.713 0.032810055231121286 5.078093628072198
738.218 0.03210750751862637 5.105504210701478
741.723 0.031480887036486126 5.132769137430526
745.228 0.03094391312373449 5.159873364261454
748.734 0.03051030511940545 5.18680184719638
752.239 0.030193782362532992 5.213539542237413
755.744 0.030008064192151 5.240071405386668
759.249 0.02996341399572701 5.2663884719882175
762.755 0.0300528747910754 5.292512069626545
766.26 0.030264136518161386 5.31847294245062
769.765 0.030584887428571617 5.344301837579427
773.27 0.03100281577389272 5.370029502131949
776.775 0.03150560980571134 5.39568668322717
780.281 0.03208095777561408 5.4213041279840715
783.786 0.03271654793518757 5.446912583521638
787.291 0.03340006853601849 5.472542796958853
790.796 0.034119207829693465 5.498225515414703
794.301 0.034861654067799085 5.523991486008165
797.807 0.035615095501922024 5.549871455858227
801.312 0.03636722038364884 5.575896172083869
804.817 0.03710571696456629 5.6020963818040785
808.322 0.037818273496260935 5.628502832137836
811.827 0.038492578230319416 5.655146270204128
815.333 0.039116319418328334 5.682057443121933
818.838 0.03967718531187439 5.709267098010239
822.343 0.04016299564316352 5.736805513944355
825.848 0.040568371987209695 5.764678756853205
829.354 0.040897897156999506 5.792857432729322
832.859 0.04115694629789136 5.821309327026718
836.364 0.041350894555243614 5.850002225199403
839.869 0.04148511707441466 5.878903912701383
843.374 0.04156498900076284 5.90798217498667
846.88 0.041595885479646544 5.93720479750927
850.385 0.04158318165642414 5.966539565723195
853.89 0.04153225267645399 5.995954265082452
857.395 0.041448473685094474 6.025416681041051
860.9 0.041337219827703955 6.054894599052999
864.406 0.041203866249640814 6.084355804572305
867.911 0.04105378809626341 6.11376808305298
871.416 0.04089236051293012 6.143099219949031
874.921 0.04072495864499932 6.172317000714472
878.426 0.04055695763782936 6.2013892108033035
881.932 0.04039373263677866 6.230283635669539
885.437 0.04024065878720553 6.25896806076719
888.942 0.04010311123446838 6.287410271550263
892.447 0.03998646257425356 6.315578070118262
895.953 0.03989433637886173 6.343450677045782
899.458 0.03982556044172836 6.371038622083677
902.963 0.0397781478895966 6.398357753523083
906.468 0.039750111849209555 6.42542391965513
909.973 0.039739465447310364 6.452252968770961
913.479 0.03974422181064213 6.478860749161703
916.984 0.03976239406594798 6.505263109118496
920.489 0.039791995339971055 6.531475896932478
923.994 0.03983103875945442 6.5575149608947765
927.499 0.03987753745114127 6.583396149296532
931.005 0.03992950454177466 6.609135310428874
934.51 0.03998495315809774 6.634748292582945
938.015 0.040041896426853636 6.660250944049877
941.52 0.04009834747478544 6.685659113120802
945.025 0.0401523194286363 6.710988648086856
948.531 0.04020182541514933 6.736255397239179
952.036 0.04024487856106764 6.761475208868902
955.541 0.04027949199313437 6.78666393126716
959.046 0.04030367883809262 6.811837412725091
962.552 0.04031545222268551 6.8370115015338255
966.057 0.04031282527365617 6.8622020459845
969.562 0.04029381111774772 6.8874248943682534
973.067 0.04025642288170328 6.912695894976217
976.572 0.040198673692265985 6.9380308960995265
980.078 0.04011857667617893 6.963445746029318
983.583 0.040014144960185224 6.9889562930567255
987.088 0.039884017604929045 7.014576427609604
990.593 0.0397304223970739 7.040308814913145
994.098 0.0395568638014726 7.066152126861377
997.604 0.03936684782697789 7.092105030518854
1001.11 0.039163880482442556 7.118166192950119
1004.61 0.03895146777671933 7.144334281219714
1008.12 0.03873311571866099 7.170607962392195
1011.62 0.038512330317120314 7.196985903532097
1015.13 0.03829261758095001 7.223466771703972
1018.63 0.038077483519002864 7.250049233972367
1022.14 0.03787043414013164 7.276731957401825
1025.65 0.037674975453189104 7.303513609056895
1029.15 0.03749461346702798 7.330392856002121
1032.66 0.03733285419050106 7.357368365302052
1036.16 0.037193203632461085 7.384438804021231
1039.67 0.03707916780176084 7.411602839224207
1043.17 0.03699425270725306 7.438859137975523
1046.68 0.036941964357790506 7.466206367339728
1050.18 0.03692580876222593 7.493643194381367
1053.69 0.03694929192941212 7.521168286164986
1057.19 0.0370159198682018 7.548780309755131
1060.7 0.03712919858744776 7.576477932216349
1064.2 0.037292634096002746 7.604259820613187
1067.71 0.037509732402719514 7.632124642010189
1071.21 0.037783999516450825 7.660071063471903
1074.72 0.03811894144604942 7.6880977520628715
1078.22 0.0385180642003681 7.716203374847647
1081.73 0.0389848737882596 7.744386598890771
1085.23 0.03952287621857669 7.772646091256792
1088.74 0.040135567242416494 7.800980511133334
1092.24 0.04082454098563892 7.829387057452184
1095.75 0.04158727562599152 7.857859768513282
1099.25 0.04242071156688327 7.886392269660265
1102.76 0.04332178921172313 7.914978186236771
1106.27 0.044287448963920076 7.943611143586443
1109.77 0.0453146312268832 7.972284767052921
1113.28 0.046400276404021445 8.000992681979843
1116.78 0.047541324898743825 8.029728513710849
1120.29 0.048734717114459314 8.05848588758958
1123.79 0.04997739345457685 8.087258428959673
1127.3 0.051266294322505575 8.11603976316477
1130.8 0.05259836012165442 8.144823515548513
1134.31 0.05397053125543235 8.173603311454533
1137.81 0.05537974812724832 8.202372776226477
1141.32 0.05682295114051147 8.231125535207983
1144.82 0.05829708069863073 8.259855213742693
1148.33 0.0597990772050151 8.288555437174246
1151.83 0.06132588106307356 8.31721983084628
1155.34 0.062874432676215 8.34584202010243
1158.84 0.06444167244784864 8.374415630286343
1162.35 0.06602454078138337 8.402934286741658
1165.85 0.06761997808022818 8.43139161481201
1169.36 0.06922492474779209 8.459781239841044
1172.86 0.07083632118748394 8.488096787172394
1176.37 0.07245110780271302 8.516331882149709
1179.87 0.07406622499688814 8.54448015011662
1183.38 0.07567861317341835 8.57253521641677
1186.88 0.07728521273571254 8.600490706393796
1190.39 0.07888296408717987 8.628340245391339
1193.9 0.08046880763122928 8.656077458753042
1197.4 0.08203968377126976 8.683695971822539
1200.91 0.0835925329107102 8.711189409943476
1204.41 0.08512429545295978 8.738551398459489
1207.92 0.08663191180142746 8.76577556271422
1211.42 0.08811232235952215 8.792855528051307
1214.93 0.08956246753065279 8.819784919814383
1218.43 0.09097948859381962 8.84655803223948
1221.94 0.09236264631264013 8.87317621720012
1225.44 0.09371247295294856 8.899645060524481
1228.95 0.0950295180520584 8.925970205552758
1232.45 0.09631433114728301 8.952157295625145
1235.96 0.09756746177593595 8.978211974081844
1239.46 0.09878945947533053 9.004139884263042
1242.97 0.09998087378278019 9.029946669508938
1246.47 0.10114225423559836 9.05563797315973
1249.98 0.10227415037109838 9.081219438555602
1253.48 0.1033771117265938 9.106696709036761
1256.99 0.10445168783939796 9.132075427943397
1260.49 0.10549842824682434 9.157361238615707
1264 0.10651788248618622 9.182559784393886
1267.5 0.1075106000947972 9.207676708618129
1271.01 0.10847713060997065 9.232717654628631
1274.52 0.10941802356901995 9.257688265765587
1278.02 0.1103338285092585 9.282594185369195
1281.53 0.11122509496799969 9.307441056779643
1285.03 0.11209237248255705 9.332234523337132
1288.54 0.11293621059024396 9.356980228381856
1292.04 0.11375715882837384 9.38168381525401
1295.55 0.11455576673426002 9.40635092729379
1299.05 0.11533258384521607 9.43098720784139
1302.56 0.11608815969855535 9.455598300237007
1306.06 0.11682304383159124 9.480189847820835
1309.57 0.11753778578163719 9.50476749393307
1313.07 0.11823293508600659 9.529336881913903
1316.58 0.11890904128201288 9.553903655103532
1320.08 0.11956665390696955 9.57847345684216
1323.59 0.12020632249818994 9.60305193046997
1327.09 0.12082859659298745 9.627644719327161
1330.6 0.12143402572867551 9.65225746675393
1334.1 0.12202315944256761 9.676895816090472
1337.61 0.12259654727197714 9.701565410676983
1341.11 0.12315473875421748 9.726271893853655
1344.62 0.12369828342660207 9.751020908960687
1348.12 0.12422773082644434 9.775818099338268
1351.63 0.12474363049105767 9.800669108326602
1355.14 0.1252465319577556 9.82557957926588
1358.64 0.12573698476385142 9.850555155496297
1362.15 0.12621553844665853 9.875601480358045
1365.65 0.1266827425434905 9.900724197191325
1369.16 0.12713914659166065 9.92592894933633
1372.66 0.12758530012848238 9.951221380133255
1376.17 0.12802175269126917 9.976607132922295
1379.67 0.12844905381733437 10.00209185104364
1383.18 0.12886775304399145 10.027681177837493
1386.68 0.1292783999085539 10.053380756644051
1390.19 0.129681543948335 10.079196230803504
1393.69 0.13007773425711489 10.105133233171044
1397.2 0.1304674228735874 10.131195102247366
1400.7 0.13085084378846917 10.157380021941307
1404.21 0.1312282012544504 10.18368547316326
1407.71 0.13159969952422115 10.210108936823604
1411.22 0.13196554285047152 10.236647893832727
1414.72 0.13232593548589164 10.263299825101017
1418.23 0.13268108168317155 10.290062211538858
1421.73 0.13303118569500144 10.316932534056646
1425.24 0.13337645177407134 10.343908273564754
1428.74 0.13371708417307138 10.370986910973578
1432.25 0.13405328714469167 10.398165927193501
1435.75 0.1343852649416223 10.42544280313491
1439.26 0.13471322181655337 10.452815019708197
1442.77 0.13503736202217498 10.48028005782374
1446.27 0.13535788981117722 10.50783539839193
1449.78 0.13567500943625024 10.535478522323151
1453.28 0.1359889251500841 10.563206910527798
1456.79 0.13629984120536887 10.591018043916248
1460.29 0.1366079618547947 10.61890940339889
1463.8 0.1369134913510517 10.646878469886113
1467.3 0.13721663394682998 10.674922724288304
1470.81 0.13751759389481957 10.70303964751585
1474.31 0.13781657544771062 10.731226720479132
1477.82 0.13811378285819323 10.75948142408854
1481.32 0.13840942037895748 10.787801239254463
1484.83 0.13870369226269352 10.81618364688729
1488.33 0.1389968027620914 10.844626127897397
1491.84 0.13928895612984127 10.87312616319518
1495.34 0.13958035661863316 10.901681233691024
1498.85 0.13987120848115722 10.93028882029531
1502.35 0.1401617159701036 10.958946403918436
1505.86 0.1404520833381623 10.987651465470778
1509.36 0.14074251483802344 11.016401485862724
1512.87 0.14103321472237723 11.045193946004668
1516.37 0.14132438724391366 11.07402632680699
1519.88 0.14161623665532283 11.102896109180078
1523.39 0.14190896720929488 11.131800774034318
1526.89 0.14220278315851992 11.160737802280101
1530.4 0.14249788875568803 11.189704674827807
1533.9 0.14279448825348934 11.218698872587828
1537.41 0.14309278590461394 11.24771787647055
1540.91 0.14339298596175185 11.276759167386356
1544.42 0.14369529267759332 11.305820226245636
1547.92 0.14399991030482834 11.334898533958777
1551.43 0.14430704309614703 11.363991571436161
1554.93 0.14461689530423952 11.393096819588179
1558.44 0.14492967118179592 11.422211759325222
1561.94 0.14524557498150628 11.451333871557667
1565.45 0.14556481095606072 11.480460637195904
1568.95 0.14588758335814936 11.509589537150323
1572.46 0.14621409644046227 11.538718052331303
1575.96 0.14654455445568965 11.567843663649244
1579.47 0.14687916165652148 11.596963852014524
1582.97 0.14721812229564793 11.626076098337522
1586.48 0.14756164062575902 11.655177883528639
1589.98 0.1479099208995449 11.684266688498253
1593.49 0.14826316736969578 11.713339994156758
1596.99 0.1486215842889016 11.742395281414533
1600.5 0.14898537590985256 11.771430031181968
1604.01 0.14935474648523864 11.800441724369449
1607.51 0.14972990026775007 11.829427841887362
1611.02 0.15011104151007695 11.858385864646097
1614.52 0.15049837446490932 11.887313273556037
1618.03 0.1508921033849373 11.91620754952757
1621.53 0.15129243252285096 11.945066173471082
1625.04 0.15169956613134047 11.973886626296961
1628.54 0.15211370846309588 12.002666388915591
1632.05 0.15253506377080722 12.031402942237362
1635.55 0.1529638363071648 12.060093767172658
1639.06 0.15340023032485856 12.088736344631867
1642.56 0.15384445007657863 12.117328155525376
1646.07 0.15429669981501512 12.145866680763573
1649.57 0.15475718379285816 12.174349401256844
1653.08 0.1552261062627978 12.20277379791557
1656.58 0.1557036714775242 12.231137351650144
1660.09 0.15619008368972742 12.259437543370954
1663.59 0.15668554715209754 12.28767185398838
1667.1 0.15719026611732467 12.315837764412812
1670.6 0.15770444483809898 12.343932755554638
1674.11 0.15822828756711046 12.37195430832424
1677.61 0.15876199855704934 12.399899903632011
1681.12 0.1593057820606056 12.427767022388332
1684.62 0.15985984233046943 12.455553145503599
1688.13 0.16042438361933087 12.483255753888184
1691.64 0.1609996101798801 12.510872328452487
1695.14 0.16158572626480713 12.538400350106889
1698.65 0.16218293612680212 12.565837299761776
1702.15 0.16279144401855514 12.593180658327537
1705.66 0.16341145419275632 12.620427906714555
1709.16 0.1640431709020957 12.647576525833218
1712.67 0.1646867983992635 12.674623996593919
1716.17 0.16534254093694967 12.701567799907036
1719.68 0.16601060276784443 12.728405416682957
1723.18 0.16669118814463788 12.755134327832076
1726.69 0.16738450132002003 12.78175201426477
1730.19 0.16809074654668105 12.808255956891431
1733.7 0.168810128077311 12.834643636622443
1737.2 0.16954285016460002 12.860912534368197
1740.71 0.17028911706123823 12.887060131039076
1744.21 0.1710491330199157 12.913083907545468
1747.72 0.17182310229332248 12.938981344797757
1751.22 0.17261122913414872 12.964749923706332
1754.73 0.17341371779508455 12.99038712518158
1758.23 0.17423077252882005 13.01589043013389
1761.74 0.17506259758804538 13.041257319473647
1765.24 0.1759093972254504 13.06648527411123
1768.75 0.17677137569372553 13.091571774957037
1772.26 0.1776487372455607 13.116514302921452
1775.76 0.17854168613364607 13.141310338914856
1779.27 0.17945042661067168 13.165957363847639
1782.77 0.18037516292932765 13.190452858630188
1786.28 0.18131609934230414 13.21479430417289
1789.78 0.18227344010229113 13.238979181386132
1793.29 0.18324738946197888 13.263004971180298
1796.79 0.18423815167405733 13.286869154465775
1800.3 0.18524593099121672 13.310569212152956
1803.8 0.1862709316661471 13.33410262515222
1807.31 0.18731335795153853 13.357466874373955
1810.81 0.18837341410008118 13.380659440728554
1814.32 0.18945130436446506 13.403677805126392
1817.82 0.19054723299738036 13.426519448477867
1821.33 0.19166140425151718 13.44918185169336
1824.83 0.19279402237956555 13.471662495683258
1828.34 0.19394529163421564 13.49395886135795
1831.84 0.19511541626815748 13.516068429627818
1835.35 0.19630460053408122 13.537988681403252
1838.85 0.197513048684677 13.559717097594644
1842.36 0.19874096497263488 13.58125115911237
1845.86 0.19998855365064488 13.602588346866824
1849.37 0.20125601897139722 13.623726141768387
1852.87 0.20254356518758201 13.644662024727452
1856.38 0.20385139655188927 13.665393476654401
1859.89 0.20517971731700918 13.685917978459624
1863.39 0.20652873173563166 13.706233011053504
1866.9 0.20789864406044706 13.72633605534643
1870.4 0.20928965854414536 13.746224592248792
1873.91 0.21070197943941663 13.765896102670968
1877.41 0.21213581099895107 13.785348067523353
1880.92 0.21359135747543864 13.804577967716329
1884.42 0.21506882312156958 13.823583284160284
1887.93 0.2165684121900339 13.842361497765602
1891.43 0.2180903289335218 13.860910089442676
1894.94 0.2196347776047232 13.879226540101886
1898.44 0.22120196245632837 13.897308330653622
1901.95 0.22279208774102746 13.915152942008273
1905.45 0.22440535771151038 13.932757855076222
1908.96 0.22604197662046738 13.950120550767856
1912.46 0.2277021487205884 13.967238509993559
1915.97 0.22938607826456373 13.984109213663727
1919.47 0.23109396950508335 14.000730142688735
1922.98 0.23282602669483743 14.017098777978976
1926.48 0.23458245408651596 14.033212600444838
1929.99 0.2363634559328092 14.049069090996703
1933.49 0.23816923648640717 14.064665730544963
1937 0.24 14.08
