251.57 2.31717213 0.577801613
253.16 2.33168536 0.569701795
254.75 2.34626565 0.560078808
256.34 2.36067795 0.548891345
257.93 2.37467908 0.536140733
259.52 2.38802531 0.521875087
261.12 2.40048438 0.506187696
262.71 2.41184546 0.489213773
264.3 2.42192779 0.471124947
265.89 2.43058781 0.45212117
267.48 2.43772396 0.432420532
269.07 2.44327819 0.412249024
270.67 2.44723468 0.391831658
272.26 2.4496167 0.371382518
273.85 2.4504812 0.351098957
275.44 2.44991257 0.331155243
277.03 2.44801587 0.311700698
278.62 2.4449101 0.292857499
280.22 2.44072204 0.274721021
281.81 2.43558114 0.257362168
283.4 2.42961505 0.240828823
284.99 2.42294624 0.225148714
286.58 2.41568999 0.210333132
288.18 2.40795253 0.196379165
289.77 2.3998302 0.18327257
291.36 2.39140949 0.170990928
292.95 2.38276689 0.159505232
294.54 2.37396931 0.148782004
296.14 2.3650748 0.138784873
297.73 2.35613305 0.129475706
299.32 2.34718664 0.120816056
300.91 2.33827137 0.11276749
302.5 2.32941721 0.105292332
304.09 2.32064883 0.09835399
305.69 2.31198686 0.0919176733
307.28 2.30344754 0.0859498581
308.87 2.29504418 0.0804191133
310.46 2.28678728 0.0752958242
312.05 2.27868456 0.0705519914
313.65 2.27074208 0.0661616709
315.24 2.26296411 0.0621005984
316.83 2.25535349 0.0583461984
318.42 2.24791192 0.0548775011
320.01 2.24064001 0.0516750052
321.61 2.23353796 0.0487207775
323.2 2.22660502 0.045998066
324.79 2.21984006 0.0434914087
326.38 2.21324163 0.0411864938
327.97 2.20680801 0.0390700757
329.57 2.20053745 0.0371299223
331.16 2.19442784 0.0353546239
332.75 2.18847739 0.0337336996
334.34 2.18268445 0.0322574316
335.93 2.17704736 0.0309167457
337.52 2.17156519 0.0297033069
339.12 2.16623741 0.0286093155
340.71 2.16106461 0.0276275388
342.3 2.1560493 0.0267512355
343.89 2.15119877 0.0259740953
345.48 2.14653759 0.0252748721
347.08 2.14204552 0.024600679
348.67 2.13769101 0.0239471567
350.26 2.13345877 0.0233137866
351.85 2.12933779 0.0226999922
353.44 2.12531947 0.0221051966
355.04 2.12139667 0.0215288237
356.63 2.1175633 0.0209703042
358.22 2.11381409 0.0204290871
359.81 2.11014433 0.0199046243
361.4 2.10654969 0.0193963657
362.99 2.10302647 0.0189038069
364.59 2.09957119 0.0184264416
366.18 2.09618057 0.0179637641
367.77 2.09285183 0.0175153192
369.36 2.08958211 0.0170806241
370.95 2.08636899 0.016659245
372.54 2.08321014 0.0162507481
374.14 2.08010332 0.0158547078
375.73 2.07704647 0.0154707188
377.32 2.07403771 0.0150983944
378.91 2.07107518 0.0147373498
380.5 2.06815721 0.0143872236
382.1 2.06528218 0.0140476614
383.69 2.06244853 0.0137183156
385.28 2.05965483 0.0133988604
386.87 2.05689966 0.0130889713
388.46 2.05418175 0.0127883447
390.05 2.05149982 0.0124966776
391.64 2.0488527 0.0122136868
393.24 2.04623925 0.011939094
394.83 2.04365836 0.0116726266
396.42 2.04110902 0.0114140294
398.01 2.03859023 0.011163052
399.6 2.03610099 0.0109194487
401.19 2.03364043 0.0106829899
402.79 2.03120768 0.0104534501
404.38 2.02880188 0.0102306115
405.97 2.02642218 0.0100142604
407.56 2.02406784 0.00980419741
409.15 2.02173811 0.00960022625
410.74 2.01943226 0.00940215755
412.33 2.01714956 0.00920980549
413.93 2.01488934 0.00902299364
415.52 2.01265101 0.00884155711
417.11 2.01043395 0.00866533082
418.7 2.00823747 0.00849415016
420.29 2.00606101 0.00832786154
421.88 2.00390405 0.00816632148
423.47 2.00176598 0.00800938148
425.06 1.99964634 0.00785690763
426.65 1.99754454 0.00770876125
428.25 1.9954601 0.007564813
429.84 1.99339266 0.00742494638
431.43 1.99134156 0.00728902754
433.02 1.98930647 0.00715694809
434.61 1.98728696 0.00702859485
436.2 1.98528254 0.00690385462
437.79 1.98329279 0.00678262196
439.38 1.98131737 0.00666479848
440.97 1.9793559 0.00655028528
442.57 1.97740793 0.00643898338
444.16 1.97547316 0.00633080387
445.75 1.97355117 0.00622565414
447.34 1.97164168 0.00612345104
448.93 1.96974428 0.00602410789
450.52 1.9678587 0.00592754693
452.11 1.96598463 0.00583368983
453.7 1.96412169 0.00574245807
455.29 1.96226965 0.00565378125
456.88 1.96042814 0.00556758581
458.47 1.95859694 0.00548380584
460.06 1.95677571 0.00540237241
461.65 1.95496423 0.00532322379
463.24 1.95316225 0.0052462977
464.84 1.95136949 0.00517153386
466.43 1.94958565 0.00509887168
468.02 1.94781049 0.00502825484
469.61 1.94604388 0.00495963293
471.2 1.94428546 0.00489294873
472.79 1.94253502 0.00482815107
474.38 1.94079243 0.00476519419
475.97 1.93905737 0.00470402605
477.56 1.93732964 0.00464460015
479.15 1.93560912 0.0045868749
480.74 1.93389551 0.00453080294
482.33 1.93218866 0.00447634362
483.92 1.93048833 0.00442345418
485.51 1.92879438 0.00437209644
487.1 1.92710663 0.00432223175
488.69 1.92542489 0.00427382262
490.28 1.92374899 0.00422683273
491.87 1.9220787 0.00418122549
493.46 1.92041391 0.00413696821
495.05 1.91875441 0.00409402648
496.64 1.91710012 0.00405237082
498.23 1.91545079 0.00401196754
499.82 1.91380632 0.00397278772
501.41 1.91216656 0.00393480206
503 1.91053135 0.00389798215
504.59 1.90890051 0.00386229934
506.18 1.90727398 0.00382772905
507.77 1.90565154 0.00379424322
509.36 1.9040331 0.00376181774
510.94 1.90241851 0.00373042815
512.53 1.90080761 0.00370004983
514.12 1.89920036 0.00367066162
515.71 1.89759653 0.00364223937
517.3 1.89599606 0.00361476229
518.89 1.89439883 0.00358820934
520.48 1.89280471 0.00356256006
522.07 1.89121359 0.00353779461
523.66 1.88962536 0.00351389372
525.25 1.88803986 0.00349083796
526.84 1.88645706 0.0034686106
528.43 1.88487678 0.0034471926
530.02 1.883299 0.00342656815
531.6 1.88172353 0.00340671933
533.19 1.8801503 0.0033876306
534.78 1.87857922 0.00336928627
536.37 1.87701019 0.00335167106
537.96 1.87544312 0.00333477015
539.55 1.87387791 0.00331856914
541.14 1.87231447 0.00330305402
542.73 1.87075271 0.00328821121
544.31 1.86919254 0.00327402747
545.9 1.86763388 0.00326048998
547.49 1.86607663 0.00324758624
549.08 1.86452071 0.00323530414
550.67 1.86296604 0.00322363187
552.26 1.86141254 0.003212558
553.84 1.85986012 0.00320207137
555.43 1.85830872 0.00319216116
557.02 1.85675824 0.00318281686
558.61 1.85520862 0.00317402822
560.2 1.85365978 0.00316578532
561.78 1.8521117 0.0031580787
563.37 1.8505642 0.0031508985
564.96 1.84901726 0.00314423582
566.55 1.84747086 0.00313808196
568.14 1.84592483 0.0031324279
569.72 1.84437921 0.0031272656
571.31 1.84283388 0.00312258671
572.9 1.84128872 0.00311838315
574.49 1.83974377 0.00311464749
576.07 1.8381989 0.00311137205
577.66 1.83665412 0.00310854964
579.25 1.83510926 0.00310617298
580.84 1.8335643 0.00310423525
582.42 1.83201924 0.00310272979
584.01 1.83047397 0.00310165
585.6 1.82892843 0.00310098954
587.18 1.82738256 0.00310074223
588.77 1.8258363 0.00310090208
590.36 1.82428966 0.00310146323
591.95 1.82274246 0.00310242004
593.53 1.82119477 0.00310376693
595.12 1.81964647 0.00310549857
596.71 1.81809757 0.00310760966
598.29 1.81654791 0.00311009527
599.88 1.81499753 0.00311295032
601.47 1.81344635 0.00311617008
603.05 1.8118943 0.0031197499
604.64 1.81034139 0.00312368513
606.23 1.80878748 0.00312797159
607.81 1.80723261 0.00313260475
609.4 1.80567673 0.00313758042
610.98 1.8041197 0.00314289487
612.57 1.80256157 0.00314854384
614.16 1.80100225 0.00315452367
615.74 1.79944173 0.00316083046
617.33 1.79787989 0.00316746098
618.91 1.79631676 0.00317441135
620.5 1.79475232 0.00318167812
622.09 1.79318641 0.00318925844
623.67 1.79161909 0.00319714864
625.26 1.79005032 0.00320534558
626.84 1.78847996 0.00321384674
628.43 1.78690807 0.00322264867
630.01 1.78533461 0.00323174849
631.6 1.78375948 0.0032411437
633.18 1.78218266 0.00325083162
634.77 1.78060409 0.00326080966
636.35 1.77902379 0.00327107496
637.94 1.77744167 0.0032816254
639.52 1.77585774 0.00329245825
641.11 1.77427191 0.00330357154
642.69 1.77268421 0.0033149627
644.28 1.77109453 0.00332662989
645.86 1.76950285 0.00333857104
647.45 1.76790917 0.00335078373
649.03 1.76631342 0.00336326638
650.62 1.76471561 0.0033760167
652.2 1.76311564 0.00338903322
653.79 1.76151354 0.00340231377
655.37 1.75990922 0.00341585704
656.96 1.7583027 0.00342966093
658.54 1.75669389 0.00344372427
660.12 1.75508276 0.0034580455
661.71 1.75346933 0.0034726227
663.29 1.75185356 0.00348745441
664.88 1.75023537 0.00350253968
666.46 1.74861478 0.0035178767
668.04 1.74699171 0.00353346467
669.63 1.74536611 0.00354930233
671.21 1.74373807 0.00356538752
672.79 1.7421074 0.00358172057
674.38 1.74047422 0.00359829886
675.96 1.7388384 0.00361512235
677.54 1.7371999 0.00363219003
679.13 1.73555875 0.0036495004
680.71 1.73391492 0.00366705254
682.29 1.73226832 0.00368484608
683.88 1.73061898 0.00370287964
685.46 1.72896681 0.00372115297
687.04 1.72731184 0.00373966473
688.62 1.72565404 0.00375841419
690.21 1.72399333 0.00377740123
691.79 1.72232972 0.00379662462
693.37 1.7206632 0.00381608373
694.95 1.71899368 0.00383577858
696.54 1.71732118 0.00385570801
698.12 1.71564562 0.00387587214
699.7 1.71396708 0.00389626922
701.28 1.71228538 0.00391690071
702.87 1.71060065 0.00393776429
704.45 1.70891274 0.00395886085
706.03 1.70722169 0.00398018939
707.61 1.70552747 0.00400174961
709.19 1.70383 0.00402354186
710.77 1.7021293 0.00404556524
712.36 1.70042535 0.00406781951
713.94 1.69871811 0.00409030446
715.52 1.69700752 0.00411302062
717.1 1.6952936 0.00413596717
718.68 1.69357632 0.00415914397
720.26 1.69185559 0.00418255167
721.84 1.69013145 0.00420618949
723.42 1.68840388 0.0042300574
725 1.68667284 0.0042541554
726.59 1.6849383 0.00427848349
728.17 1.6832002 0.00430304248
729.75 1.68145861 0.00432783094
731.33 1.67971339 0.00435285048
732.91 1.67796452 0.00437810125
734.49 1.67621209 0.00440358184
736.07 1.67445601 0.00442929319
737.65 1.6726962 0.00445523631
739.23 1.67093269 0.00448141062
740.81 1.66916546 0.00450781637
742.39 1.66739449 0.00453445382
743.97 1.66561973 0.00456132326
745.55 1.66384113 0.00458842586
747.13 1.66205875 0.00461576026
748.71 1.66027247 0.00464332853
750.29 1.65848237 0.00467112934
751.86 1.65668831 0.00469916481
753.44 1.65489032 0.00472743452
755.02 1.65308839 0.00475593891
756.6 1.65128248 0.00478467846
758.18 1.64947257 0.00481365365
759.76 1.64765857 0.00484286592
761.34 1.64584058 0.004872314
762.92 1.64401852 0.00490199933
764.5 1.64219229 0.00493192342
766.07 1.640362 0.00496208504
767.65 1.6385275 0.00499248666
769.23 1.63668888 0.00502312705
770.81 1.634846 0.00505400876
772.39 1.63299896 0.00508513058
773.96 1.6311476 0.00511649512
775.54 1.62929203 0.00514810118
777.12 1.62743215 0.00517995047
778.7 1.62556789 0.00521204475
780.28 1.62369934 0.00524438283
781.85 1.62182635 0.00527696751
783.43 1.61994902 0.0053097976
785.01 1.61806727 0.00534287497
786.59 1.616181 0.00537620151
788.16 1.61429032 0.00540977605
789.74 1.61239513 0.00544360052
791.32 1.61049542 0.00547767587
792.89 1.60859115 0.00551200303
794.47 1.60668231 0.00554658298
796.05 1.60476887 0.00558141672
797.62 1.60285079 0.00561650524
799.2 1.60092812 0.0056518485
800.77 1.59900072 0.00568744972
802.35 1.59706866 0.00572330778
803.93 1.59513188 0.00575942487
805.5 1.59319034 0.00579580211
807.08 1.59124402 0.00583244062
808.65 1.5892929 0.00586934156
810.23 1.58733694 0.00590650612
811.81 1.58537618 0.00594393432
813.38 1.58341053 0.00598162852
814.96 1.58143992 0.00601959116
816.53 1.57946449 0.00605781994
818.11 1.57748403 0.00609631969
819.68 1.57549865 0.00613508933
821.26 1.57350819 0.00617413257
822.83 1.57151268 0.00621344958
824.41 1.56951223 0.00625303925
825.98 1.56750669 0.00629290541
827.55 1.5654959 0.00633305195
829.13 1.56348008 0.00637347533
830.7 1.56145909 0.0064141795
832.28 1.55943302 0.00645516337
833.85 1.5574016 0.00649643352
835.43 1.55536492 0.00653798895
837 1.55332308 0.0065798286
838.57 1.55127592 0.00662195659
840.15 1.54922331 0.00666437717
841.72 1.54716545 0.00670708668
843.29 1.54510232 0.00675008671
844.87 1.54303365 0.00679338425
846.44 1.54095952 0.00683697832
848.01 1.53888004 0.00688086791
849.59 1.53679506 0.00692505743
851.16 1.53470454 0.00696954866
852.73 1.53260845 0.00701434337
854.3 1.53050677 0.00705944336
855.88 1.5283996 0.00710484764
857.45 1.52628665 0.00715056371
859.02 1.52416815 0.00719658778
860.59 1.52204394 0.00724292457
862.16 1.51991412 0.00728957312
863.74 1.51777841 0.00733654118
865.31 1.51563702 0.00738382492
866.88 1.51348981 0.00743142924
868.45 1.51133674 0.0074793562
870.02 1.50917778 0.00752760787
871.59 1.50701291 0.00757618633
873.16 1.50484221 0.00762509068
874.74 1.50266554 0.00767432607
876.31 1.50048286 0.0077238947
877.88 1.49829426 0.00777379565
879.45 1.49609946 0.00782403738
881.02 1.49389869 0.00787461591
882.59 1.49169178 0.00792553667
884.16 1.48947884 0.00797679878
885.73 1.48725957 0.00802841099
887.3 1.48503419 0.00808036927
888.87 1.48280255 0.00813267927
890.44 1.48056461 0.00818534342
892.01 1.47832047 0.00823836093
893.58 1.47606997 0.00829173758
895.15 1.47381308 0.00834547593
896.72 1.47154989 0.00839957521
898.29 1.46928009 0.00845404477
899.86 1.46700393 0.00850888051
901.42 1.46472124 0.00856408849
902.99 1.46243212 0.00861966799
904.56 1.46013639 0.00867562521
906.13 1.45783403 0.00873196294
907.7 1.45552498 0.00878868405
909.27 1.45320938 0.00884578786
910.83 1.45088702 0.0089032808
912.4 1.44855788 0.00896116584
913.97 1.44622207 0.00901944234
915.54 1.4438794 0.00907811694
917.11 1.44152984 0.00913719274
918.67 1.43917349 0.00919666912
920.24 1.43681018 0.00925655295
921.81 1.43443985 0.00931684742
923.38 1.43206263 0.00937755201
924.94 1.42967833 0.00943867375
926.51 1.42728691 0.00950021599
928.08 1.42488832 0.00956218213
929.64 1.42248269 0.0096245717
931.21 1.42006996 0.00968738811
932.78 1.4176498 0.00975064272
934.34 1.41522247 0.00981433124
935.91 1.41278793 0.00987845721
937.47 1.41034584 0.00994303232
939.04 1.40789645 0.0100080522
940.61 1.40543973 0.0100735207
942.17 1.40297548 0.0101394455
943.74 1.40050366 0.0102058307
945.3 1.39802422 0.01027268
946.87 1.39553728 0.0103399934
948.43 1.39304279 0.0104077749
950 1.39054056 0.0104760326
951.56 1.38803054 0.0105447708
953.13 1.38551268 0.0106139938
954.69 1.3829871 0.0106837014
956.25 1.38045359 0.0107539024
957.82 1.37791226 0.0108245967
959.38 1.37536292 0.0108957931
960.95 1.37280567 0.0109674918
962.51 1.3702403 0.0110397019
964.07 1.36766677 0.0111124278
965.64 1.36508519 0.01118567
967.2 1.36249535 0.0112594376
968.76 1.35989737 0.011333731
970.33 1.35729102 0.0114085597
971.89 1.35467642 0.0114839241
973.45 1.35205337 0.0115598338
975.02 1.3494218 0.0116362942
976.58 1.34678183 0.0117133056
978.14 1.34413341 0.0117908734
979.7 1.34147616 0.0118690126
981.26 1.33881051 0.011947714
982.83 1.33613592 0.0120269981
984.39 1.33345283 0.0121068555
985.95 1.33076069 0.012187307
987.51 1.32805977 0.0122683484
989.07 1.32535001 0.0123499855
990.63 1.32263121 0.0124322295
992.2 1.31990345 0.0125150812
993.76 1.31716652 0.0125985522
995.32 1.31442054 0.0126826434
996.88 1.31166526 0.0127673665
998.44 1.30890062 0.012852728
1000 1.30612675 0.0129387293
