1.208749549999999999e+02 1.124382098000000108e+00 8.988386870000000251e-01 nan
1.215727729999999980e+02 1.122232310000000011e+00 9.070246370000000224e-01 nan
1.222746209999999962e+02 1.120204119999999914e+00 9.157112750000000467e-01 nan
1.229805199999999985e+02 1.118333711000000008e+00 9.249138110000000301e-01 nan
1.236904940000000011e+02 1.116660119000000062e+00 9.346458920000000337e-01 nan
1.244045670000000001e+02 1.115225263999999994e+00 9.449192680000000344e-01 nan
1.251227619999999945e+02 1.114073950000000091e+00 9.557434569999999630e-01 nan
1.258451040000000063e+02 1.113253851000000072e+00 9.671253760000000366e-01 nan
1.265716159999999917e+02 1.112815469000000057e+00 9.790689510000000206e-01 nan
1.273023219999999895e+02 1.112812071000000014e+00 9.915747139999999682e-01 nan
1.280372459999999819e+02 1.113299623000000071e+00 1.004639371999999975e+00 nan
1.287764130000000193e+02 1.114336712999999923e+00 1.018255362000000108e+00 nan
1.295198469999999986e+02 1.115984496000000048e+00 1.032410365000000052e+00 nan
1.302675739999999962e+02 1.118306682999999913e+00 1.047086791999999988e+00 nan
1.310196160000000134e+02 1.121369618999999984e+00 1.062261195000000047e+00 nan
1.317760010000000079e+02 1.125242532999999989e+00 1.077903585000000053e+00 nan
1.325367520000000070e+02 1.129998099999999894e+00 1.093976561000000070e+00 nan
1.333018950000000018e+02 1.135713645000000049e+00 1.110434117999999915e+00 nan
1.340714550000000145e+02 1.142473732000000020e+00 1.127219812999999959e+00 nan
1.348454580000000078e+02 1.150376534999999922e+00 1.144263515000000009e+00 nan
1.356239300000000014e+02 1.159556384999999912e+00 1.161474313999999897e+00 nan
1.364068949999999916e+02 1.170116495000000034e+00 1.178716888000000074e+00 nan
1.371943809999999928e+02 1.181674389000000103e+00 1.195592451000000001e+00 nan
1.379864129999999989e+02 1.194107411000000063e+00 1.211889594999999931e+00 nan
1.387830170000000010e+02 1.207366224000000043e+00 1.227671224000000061e+00 nan
1.395842200000000162e+02 1.221415149999999894e+00 1.242935287000000111e+00 nan
1.403900479999999789e+02 1.236221757000000032e+00 1.257658519000000030e+00 nan
1.412005289999999889e+02 1.251752261999999893e+00 1.271806366999999938e+00 nan
1.420156890000000089e+02 1.267968940999999905e+00 1.285337463000000069e+00 nan
1.428355540000000019e+02 1.284828569000000087e+00 1.298206521000000002e+00 nan
1.436601530000000082e+02 1.302281572000000054e+00 1.310366700000000106e+00 nan
1.444895119999999906e+02 1.320271804999999965e+00 1.321771774999999982e+00 nan
1.453236589999999921e+02 1.338736901999999951e+00 1.332378183000000105e+00 nan
1.461626219999999989e+02 1.357609158999999899e+00 1.342146939999999899e+00 nan
1.470064279999999997e+02 1.376816859000000060e+00 1.351045284000000013e+00 nan
1.478551049999999805e+02 1.396285902000000023e+00 1.359047949999999894e+00 nan
1.487086820000000102e+02 1.415941558999999961e+00 1.366137952999999960e+00 nan
1.495671859999999924e+02 1.435710143999999966e+00 1.372306800000000049e+00 nan
1.504306469999999933e+02 1.455520404999999906e+00 1.377554162000000026e+00 nan
1.512990929999999992e+02 1.475304509999999958e+00 1.381887051999999949e+00 nan
1.521725519999999960e+02 1.494998531000000019e+00 1.385318695999999905e+00 nan
1.530510539999999935e+02 1.514542464999999893e+00 1.387867264000000045e+00 nan
1.539346269999999777e+02 1.533879875000000004e+00 1.389554670000000103e+00 nan
1.548233009999999865e+02 1.552957289000000074e+00 1.390405612999999985e+00 nan
1.557171060000000011e+02 1.571723533999999978e+00 1.390446953999999957e+00 nan
1.566160710000000051e+02 1.590129160999999902e+00 1.389707483000000021e+00 nan
1.575202250000000106e+02 1.608126058999999941e+00 1.388218021999999996e+00 nan
1.584295989999999961e+02 1.625667358999999923e+00 1.386011799999999905e+00 nan
1.593442229999999995e+02 1.642707611000000067e+00 1.383124974000000007e+00 nan
1.602641279999999995e+02 1.659203251000000101e+00 1.379597184999999948e+00 nan
1.611893430000000080e+02 1.675113261999999992e+00 1.375472024000000015e+00 nan
1.621198990000000038e+02 1.690399976999999998e+00 1.370797344999999945e+00 nan
1.630558269999999936e+02 1.705029934999999996e+00 1.365625349999999960e+00 nan
1.639971590000000106e+02 1.718974715000000097e+00 1.360012438000000046e+00 nan
1.649439249999999788e+02 1.732211670000000092e+00 1.354018802999999993e+00 nan
1.658961559999999906e+02 1.744724522999999916e+00 1.347707833999999938e+00 nan
1.668538850000000195e+02 1.756503780999999931e+00 1.341145325999999915e+00 nan
1.678171430000000157e+02 1.767546953000000087e+00 1.334398581999999944e+00 nan
1.687859620000000120e+02 1.777858565999999918e+00 1.327535432999999987e+00 nan
1.697603739999999846e+02 1.787449996000000096e+00 1.320623255999999968e+00 nan
1.707404120000000205e+02 1.796339123999999954e+00 1.313728004999999976e+00 nan
1.717261069999999847e+02 1.804549863000000087e+00 1.306913326000000097e+00 nan
1.727174919999999929e+02 1.812111561000000037e+00 1.300239761999999910e+00 nan
1.737146009999999876e+02 1.819058336999999970e+00 1.293764080999999955e+00 nan
1.747174669999999992e+02 1.825428363999999970e+00 1.287538740000000015e+00 nan
1.757261220000000037e+02 1.831263145000000092e+00 1.281611478000000082e+00 nan
1.767405990000000031e+02 1.836606782000000049e+00 1.276025045999999996e+00 nan
1.777609340000000202e+02 1.841505289000000101e+00 1.270817062000000108e+00 nan
1.787871590000000026e+02 1.846005934999999987e+00 1.266019975000000075e+00 nan
1.798193090000000041e+02 1.850156654000000067e+00 1.261661131000000102e+00 nan
1.808574169999999981e+02 1.854005509000000052e+00 1.257762910000000067e+00 nan
1.819015180000000100e+02 1.857600230999999935e+00 1.254342942000000072e+00 nan
1.829516470000000083e+02 1.860987815000000101e+00 1.251414360000000059e+00 nan
1.840078380000000209e+02 1.864214189999999993e+00 1.248986096000000101e+00 nan
1.850701270000000136e+02 1.867323947999999900e+00 1.247063191999999932e+00 nan
1.861385489999999834e+02 1.870360127000000094e+00 1.245647131999999990e+00 nan
1.872131380000000149e+02 1.873364049999999947e+00 1.244736163000000007e+00 nan
1.882939319999999839e+02 1.876375203999999908e+00 1.244325622999999936e+00 nan
1.893809640000000059e+02 1.879431166999999903e+00 1.244408248999999911e+00 nan
1.904742730000000108e+02 1.882567557000000003e+00 1.244974475000000025e+00 nan
1.915738929999999982e+02 1.885818020000000095e+00 1.246012710000000023e+00 nan
1.926798610000000167e+02 1.889214232999999910e+00 1.247509594000000055e+00 nan
1.937922140000000013e+02 1.892785927999999895e+00 1.249450237000000019e+00 nan
1.949109880000000032e+02 1.896560932999999949e+00 1.251818435999999979e+00 nan
1.960362220000000093e+02 1.900565215999999946e+00 1.254596867999999921e+00 nan
1.971679510000000164e+02 1.904822948000000071e+00 1.257767266999999967e+00 nan
1.983062140000000113e+02 1.909356558000000037e+00 1.261310586000000011e+00 nan
1.994510489999999834e+02 1.914186801999999910e+00 1.265207133000000095e+00 nan
2.006024919999999838e+02 1.919332824999999909e+00 1.269436698999999891e+00 nan
2.017605829999999969e+02 1.924812229999999902e+00 1.273978671999999923e+00 nan
2.029253589999999861e+02 1.930641142999999893e+00 1.278812135999999988e+00 nan
2.040968599999999924e+02 1.936834270999999941e+00 1.283915960999999939e+00 nan
2.052751240000000053e+02 1.943404971999999953e+00 1.289268883999999948e+00 nan
2.064601909999999805e+02 1.950365308999999936e+00 1.294849587000000080e+00 nan
2.076520979999999952e+02 1.957726110000000075e+00 1.300636761000000030e+00 nan
2.088508870000000002e+02 1.965497025999999980e+00 1.306609173000000013e+00 nan
2.100565960000000132e+02 1.973686583000000105e+00 1.312745730000000055e+00 nan
2.112692660000000160e+02 1.982302247000000017e+00 1.319025534999999971e+00 nan
2.124889369999999928e+02 1.991350471000000066e+00 1.325427946000000023e+00 nan
2.137156490000000133e+02 2.000836764999999851e+00 1.331932636999999975e+00 nan
2.149494430000000023e+02 2.010765752999999822e+00 1.338519653999999948e+00 nan
2.161903599999999983e+02 2.021141243999999837e+00 1.345169475999999920e+00 nan
2.174384400000000142e+02 2.031966308999999971e+00 1.351863076999999969e+00 nan
2.186937259999999981e+02 2.043243366000000005e+00 1.358581985999999908e+00 nan
2.199562589999999886e+02 2.054974273000000018e+00 1.365308347000000033e+00 nan
2.212260799999999961e+02 2.067160438999999794e+00 1.372024982999999976e+00 nan
2.225032319999999970e+02 2.079802942999999793e+00 1.378715456999999978e+00 nan
2.237877569999999992e+02 2.092902680999999987e+00 1.385364121999999920e+00 nan
2.250796980000000076e+02 2.106460516999999921e+00 1.391956176000000101e+00 nan
2.263790970000000016e+02 2.120477467999999810e+00 1.398477704999999904e+00 nan
2.276859980000000121e+02 2.134954902000000043e+00 1.404915705000000070e+00 nan
2.290004439999999875e+02 2.149894766000000068e+00 1.411258104000000069e+00 nan
2.303224779999999896e+02 2.165299831000000008e+00 1.417493743999999944e+00 nan
2.316521439999999927e+02 2.181173965999999798e+00 1.423612349999999971e+00 nan
2.329894859999999994e+02 2.197522434000000136e+00 1.429604458000000022e+00 nan
2.343345490000000098e+02 2.214352198999999910e+00 1.435461298999999968e+00 nan
2.356873769999999979e+02 2.231672262000000018e+00 1.441174637999999897e+00 nan
2.370480149999999924e+02 2.249493991000000026e+00 1.446736545999999901e+00 nan
2.384165089999999907e+02 2.267831462000000187e+00 1.452139108999999983e+00 nan
2.397929019999999980e+02 2.286701783999999904e+00 1.457374052000000031e+00 nan
2.411772419999999784e+02 2.306125398999999909e+00 1.462432270999999950e+00 nan
2.425695730000000196e+02 2.326126335000000100e+00 1.467303266999999911e+00 nan
2.439699420000000032e+02 2.346732396999999803e+00 1.471974463000000011e+00 nan
2.453783960000000093e+02 2.367975255000000168e+00 1.476430410999999943e+00 nan
2.467949810000000070e+02 2.389890413999999907e+00 1.480651860000000042e+00 nan
2.482197439999999915e+02 2.412517011999999905e+00 1.484614713000000030e+00 nan
2.496527319999999861e+02 2.435897408999999847e+00 1.488288845000000027e+00 nan
2.510939930000000118e+02 2.460076527000000013e+00 1.491636817999999920e+00 nan
2.525435750000000326e+02 2.485100876000000181e+00 1.494612502000000065e+00 nan
2.540015250000000151e+02 2.511017217000000024e+00 1.497159627999999909e+00 nan
2.554678919999999778e+02 2.537870818000000028e+00 1.499210337000000060e+00 nan
2.569427239999999983e+02 2.565703238999999858e+00 1.500683774000000081e+00 nan
2.584260699999999815e+02 2.594549628000000219e+00 1.501484827999999938e+00 nan
2.599179800000000000e+02 2.624435493000000008e+00 1.501503119000000108e+00 nan
2.614185030000000438e+02 2.655372990000000044e+00 1.500612376000000081e+00 nan
2.629276890000000435e+02 2.687356746999999935e+00 1.498670375999999971e+00 nan
2.644455869999999891e+02 2.720359379000000022e+00 1.495519615999999941e+00 nan
2.659722480000000360e+02 2.754326848999999910e+00 1.490988935000000071e+00 nan
2.675077220000000011e+02 2.789173954999999872e+00 1.484896274000000016e+00 nan
2.690520609999999806e+02 2.824780311000000044e+00 1.477052766999999989e+00 nan
2.706053159999999593e+02 2.860987245000000012e+00 1.467268269999999930e+00 nan
2.721675370000000385e+02 2.897596157000000172e+00 1.455358385000000032e+00 nan
2.737387780000000248e+02 2.934368839999999867e+00 1.441152857000000065e+00 nan
2.753190890000000195e+02 2.971030310999999813e+00 1.424505080999999951e+00 nan
2.769085230000000024e+02 3.007274488999999829e+00 1.405302226999999959e+00 nan
2.785071340000000077e+02 3.042772939999999871e+00 1.383475274999999893e+00 nan
2.801149729999999636e+02 3.077186514000000095e+00 1.359008079999999952e+00 nan
2.817320939999999609e+02 3.110179389999999877e+00 1.331944430000000068e+00 nan
2.833585510000000340e+02 3.141434636000000058e+00 1.302392101999999996e+00 nan
2.849943979999999897e+02 3.170670041999999800e+00 1.270523029000000026e+00 nan
2.866396889999999757e+02 3.197652812999999927e+00 1.236569025999999960e+00 nan
2.882944780000000264e+02 3.222211638000000100e+00 1.200812935000000081e+00 nan
2.899588200000000029e+02 3.244244877999999943e+00 1.163575604999999902e+00 nan
2.916327709999999911e+02 3.263723918000000168e+00 1.125199579000000005e+00 nan
2.933163850000000252e+02 3.280691274000000046e+00 1.086030805999999904e+00 nan
2.950097190000000182e+02 3.295253499999999836e+00 1.046399899000000078e+00 nan
2.967128289999999993e+02 3.307569453999999798e+00 1.006604526000000055e+00 nan
2.984257700000000000e+02 3.317834819999999851e+00 9.668943819999999967e-01 nan
3.001486010000000419e+02 3.326264044999999836e+00 9.274599119999999974e-01 nan
3.018813779999999838e+02 3.333070975000000047e+00 8.884256860000000477e-01 nan
3.036241579999999658e+02 3.338449577000000001e+00 8.498489700000000369e-01 nan
3.053770000000000095e+02 3.342556216000000191e+00 8.117237619999999598e-01 nan
3.071399599999999737e+02 3.345495026000000038e+00 7.739902920000000242e-01 nan
3.089130990000000452e+02 3.347307939999999871e+00 7.365496000000000265e-01 nan
3.106964729999999690e+02 3.347970883999999980e+00 6.992824220000000146e-01 nan
3.124901440000000434e+02 3.347397253000000017e+00 6.620710180000000111e-01 nan
3.142941690000000108e+02 3.345449139999999932e+00 6.248219339999999677e-01 nan
3.161086090000000013e+02 3.341955694999999782e+00 5.874871099999999791e-01 nan
3.179335240000000340e+02 3.336736741000000173e+00 5.500804339999999515e-01 nan
3.197689739999999574e+02 3.329628592999999803e+00 5.126870409999999545e-01 nan
3.216150210000000129e+02 3.320508328999999925e+00 4.754635449999999874e-01 nan
3.234717239999999947e+02 3.309312824000000042e+00 4.386288059999999822e-01 nan
3.253391469999999686e+02 3.296049866000000161e+00 4.024465979999999887e-01 nan
3.272173500000000104e+02 3.280800174999999985e+00 3.672030150000000215e-01 nan
3.291063970000000154e+02 3.263710978999999845e+00 3.331823300000000265e-01 nan
3.310063490000000002e+02 3.244983154999999897e+00 3.006449689999999841e-01 nan
3.329172690000000330e+02 3.224854737999999887e+00 2.698104000000000058e-01 nan
3.348392220000000066e+02 3.203583602999999780e+00 2.408464359999999971e-01 nan
3.367722699999999918e+02 3.181431615999999796e+00 2.138650800000000129e-01 nan
3.387164769999999976e+02 3.158651695000000093e+00 1.889239709999999961e-01 nan
3.406719089999999710e+02 3.135478420000000099e+00 1.660319309999999937e-01 nan
3.426386289999999804e+02 3.112122158000000027e+00 1.451569329999999880e-01 nan
3.446167030000000295e+02 3.088766232999999861e+00 1.262350359999999949e-01 nan
3.466061970000000088e+02 3.065566490999999782e+00 1.091791559999999994e-01 nan
3.486071769999999788e+02 3.042652557999999896e+00 9.388697000000000015e-02 nan
3.506197079999999460e+02 3.020130185999999828e+00 8.024756399999999346e-02 nan
3.526438579999999661e+02 2.998084203999999975e+00 6.814672600000000469e-02 nan
3.546796930000000430e+02 2.976581706999999799e+00 5.747093999999999814e-02 nan
3.567272810000000050e+02 2.955675292000000010e+00 4.811023700000000014e-02 nan
3.587866900000000214e+02 2.935406233000000142e+00 3.996009899999999893e-02 nan
3.608579880000000344e+02 2.915807649000000001e+00 3.292261700000000124e-02 nan
3.629412439999999833e+02 2.896907944000000068e+00 2.690708199999999883e-02 nan
3.650365269999999782e+02 2.878735503000000140e+00 2.183015400000000092e-02 nan
3.671439060000000154e+02 2.861331566000000048e+00 1.761574800000000052e-02 nan
3.692634510000000319e+02 2.844754292000000184e+00 1.419317800000000074e-02 nan
3.713952320000000213e+02 2.828999505000000081e+00 1.144850199999999929e-02 nan
3.735393200000000320e+02 2.814033295999999851e+00 9.244534000000000432e-03 nan
3.756957859999999982e+02 2.799811622000000000e+00 7.472892000000000076e-03 nan
3.778647010000000250e+02 2.786286984000000189e+00 6.047298999999999904e-03 nan
3.800461379999999849e+02 2.773411776000000106e+00 4.898981000000000169e-03 nan
3.822401679999999828e+02 2.761140053000000094e+00 3.973052000000000354e-03 nan
3.844468650000000025e+02 2.749428435000000004e+00 3.225668000000000112e-03 nan
3.866663009999999758e+02 2.738236523999999950e+00 2.621768999999999922e-03 nan
3.888985500000000002e+02 2.727527033999999961e+00 2.133293999999999989e-03 nan
3.911436860000000024e+02 2.717265745999999815e+00 1.737761999999999901e-03 nan
3.934017830000000231e+02 2.707421377000000184e+00 1.417145000000000080e-03 nan
3.956729159999999865e+02 2.697965389000000158e+00 1.156976000000000098e-03 nan
3.979571609999999851e+02 2.688871778999999851e+00 9.456300000000000382e-04 nan
4.002545929999999998e+02 2.680116861000000128e+00 7.737570000000000255e-04 nan
4.025652870000000121e+02 2.671679054999999803e+00 6.338340000000000033e-04 nan
4.048893219999999928e+02 2.663538685999999878e+00 5.197970000000000108e-04 nan
4.072267740000000344e+02 2.655677794999999897e+00 4.267550000000000163e-04 nan
4.095777199999999993e+02 2.648079969999999950e+00 3.507599999999999824e-04 nan
4.119422380000000317e+02 2.640730186999999951e+00 2.886200000000000115e-04 nan
4.143204059999999913e+02 2.633614672999999851e+00 2.377539999999999873e-04 nan
4.167123039999999605e+02 2.626720775999999979e+00 1.960710000000000003e-04 nan
4.191180099999999698e+02 2.620036852000000138e+00 1.618760000000000066e-04 nan
4.215376049999999850e+02 2.613552169000000092e+00 1.337920000000000092e-04 nan
4.239711680000000342e+02 2.607256811000000063e+00 1.107030000000000004e-04 nan
4.264187799999999697e+02 2.601141602000000219e+00 9.170000000000000633e-05 nan
4.288805230000000392e+02 2.595198031999999877e+00 7.600000000000000418e-05 nan
4.313564770000000408e+02 2.589418198000000171e+00 6.310000000000000233e-05 nan
4.338467249999999922e+02 2.583794741999999811e+00 5.250000000000000218e-05 nan
4.363513500000000249e+02 2.578320806999999881e+00 4.360000000000000269e-05 nan
4.388704339999999888e+02 2.572989984999999979e+00 3.639999999999999708e-05 nan
4.414040599999999586e+02 2.567796282999999846e+00 3.030000000000000128e-05 nan
4.439523140000000012e+02 2.562734085999999856e+00 2.529999999999999833e-05 nan
4.465152780000000234e+02 2.557798122999999979e+00 2.110000000000000127e-05 nan
4.490930390000000330e+02 2.552983439000000132e+00 1.769999999999999994e-05 nan
4.516856819999999857e+02 2.548285370999999966e+00 1.480000000000000060e-05 nan
4.542932920000000081e+02 2.543699522999999907e+00 1.239999999999999986e-05 nan
4.569159549999999967e+02 2.539221745999999946e+00 1.040000000000000038e-05 nan
4.595537599999999543e+02 2.534848118000000206e+00 8.749999999999999233e-06 nan
4.622067930000000047e+02 2.530574926999999974e+00 7.349999999999999932e-06 nan
4.648751420000000394e+02 2.526398659999999907e+00 6.190000000000000027e-06 nan
4.675588949999999500e+02 2.522315980000000124e+00 5.210000000000000092e-06 nan
4.702581419999999639e+02 2.518323721999999876e+00 4.400000000000000224e-06 nan
4.729729719999999702e+02 2.514418877999999857e+00 3.710000000000000054e-06 nan
4.757034749999999690e+02 2.510598583999999800e+00 3.140000000000000006e-06 nan
4.784497409999999604e+02 2.506860113000000112e+00 2.659999999999999943e-06 nan
4.812118609999999990e+02 2.503200867999999968e+00 2.250000000000000057e-06 nan
4.839899280000000203e+02 2.499618368999999785e+00 1.909999999999999924e-06 nan
4.867840319999999679e+02 2.496110249000000003e+00 1.619999999999999948e-06 nan
4.895942670000000021e+02 2.492674244999999900e+00 1.370000000000000012e-06 nan
4.924207260000000019e+02 2.489308195000000001e+00 1.170000000000000021e-06 nan
4.952635010000000193e+02 2.486010029000000010e+00 9.939999999999999275e-07 nan
4.981226889999999798e+02 2.482777763000000082e+00 8.470000000000000008e-07 nan
5.009983819999999923e+02 2.479609497000000218e+00 7.220000000000000330e-07 nan
5.038906779999999799e+02 2.476503409000000211e+00 6.160000000000000102e-07 nan
5.067996700000000487e+02 2.473457749000000039e+00 5.269999999999999942e-07 nan
5.097254570000000626e+02 2.470470838999999863e+00 4.499999999999999796e-07 nan
5.126681340000000091e+02 2.467541064000000173e+00 3.850000000000000196e-07 nan
5.156277989999999818e+02 2.464666874000000174e+00 3.300000000000000168e-07 nan
5.186045510000000149e+02 2.461846775999999792e+00 2.829999999999999798e-07 nan
5.215984879999999748e+02 2.459079334000000117e+00 2.429999999999999922e-07 nan
5.246097090000000662e+02 2.456363163999999877e+00 2.090000000000000054e-07 nan
5.276383140000000367e+02 2.453696936000000051e+00 1.799999999999999971e-07 nan
5.306844029999999748e+02 2.451079362999999844e+00 1.549999999999999983e-07 nan
5.337480770000000803e+02 2.448509207999999937e+00 1.330000000000000130e-07 nan
5.368294389999999794e+02 2.445985276000000042e+00 1.149999999999999974e-07 nan
5.399285889999999881e+02 2.443506413999999793e+00 9.909999999999999403e-08 nan
5.430456310000000713e+02 2.441071506000000113e+00 8.559999999999999888e-08 nan
5.461806669999999713e+02 2.438679478000000067e+00 7.400000000000000089e-08 nan
5.493338029999999890e+02 2.436329289000000120e+00 6.400000000000000399e-08 nan
5.525051409999999805e+02 2.434019934000000163e+00 5.550000000000000066e-08 nan
5.556947880000000168e+02 2.431750440000000069e+00 4.810000000000000058e-08 nan
5.589028489999999465e+02 2.429519866000000139e+00 4.170000000000000282e-08 nan
5.621294310000000678e+02 2.427327302000000131e+00 3.619999999999999990e-08 nan
5.653746390000000019e+02 2.425171863000000094e+00 3.149999999999999752e-08 nan
5.686385830000000396e+02 2.423052697000000144e+00 2.740000000000000051e-08 nan
5.719213690000000270e+02 2.420968976000000161e+00 2.380000000000000136e-08 nan
5.752231070000000273e+02 2.418919895999999792e+00 2.070000000000000007e-08 nan
5.785439060000001064e+02 2.416904678999999945e+00 1.809999999999999995e-08 nan
5.818838769999999840e+02 2.414922569999999880e+00 1.579999999999999921e-08 nan
5.852431289999999535e+02 2.412972837999999953e+00 1.379999999999999949e-08 nan
5.886217750000000706e+02 2.411054769999999792e+00 1.199999999999999992e-08 nan
5.920199250000000575e+02 2.409167678000000201e+00 1.049999999999999972e-08 nan
5.954376930000000812e+02 2.407310889000000120e+00 9.209999999999999422e-09 nan
5.988751930000000812e+02 2.405483754000000030e+00 8.060000000000000705e-09 nan
6.023325370000000021e+02 2.403685639999999957e+00 7.060000000000000022e-09 nan
6.058098410000000058e+02 2.401915932000000087e+00 6.190000000000000338e-09 nan
6.093072189999999182e+02 2.400174031000000152e+00 5.429999999999999654e-09 nan
6.128247879999998986e+02 2.398459357000000125e+00 4.760000000000000106e-09 nan
6.163626639999999952e+02 2.396771343000000165e+00 4.180000000000000041e-09 nan
6.199209650000000238e+02 2.395109440000000145e+00 3.669999999999999941e-09 nan
6.234998069999999188e+02 2.393473112000000125e+00 3.229999999999999806e-09 nan
6.270993110000000570e+02 2.391861836999999991e+00 2.840000000000000119e-09 nan
6.307195949999999129e+02 2.390275109000000064e+00 2.489999999999999880e-09 nan
6.343607789999999795e+02 2.388712432000000163e+00 2.190000000000000089e-09 nan
6.380229840000000650e+02 2.387173323999999930e+00 1.930000000000000159e-09 nan
6.417063309999999774e+02 2.385657317999999805e+00 1.699999999999999920e-09 nan
6.454109420000000910e+02 2.384163953999999919e+00 1.490000000000000025e-09 nan
6.491369399999999814e+02 2.382692787999999950e+00 1.310000000000000026e-09 nan
6.528844480000000203e+02 2.381243384999999879e+00 1.149999999999999958e-09 nan
6.566535910000000058e+02 2.379815320000000067e+00 1.010000000000000028e-09 nan
6.604444940000000770e+02 2.378408181000000177e+00 8.860000000000000424e-10 nan
6.642572810000000345e+02 2.377021563000000004e+00 7.760000000000000086e-10 nan
6.680920800000000099e+02 2.375655072999999895e+00 6.790000000000000334e-10 nan
6.719490179999999100e+02 2.374308328000000134e+00 5.930000000000000202e-10 nan
6.758282219999999825e+02 2.372980951000000172e+00 5.159999999999999759e-10 nan
6.797298210000000154e+02 2.371672575999999921e+00 4.490000000000000005e-10 nan
6.836539440000000241e+02 2.370382846000000043e+00 3.890000000000000009e-10 nan
6.876007210000000214e+02 2.369111412000000083e+00 3.349999999999999805e-10 nan
6.915702840000000151e+02 2.367857931000000082e+00 2.869999999999999912e-10 nan
6.955627630000000181e+02 2.366622072000000188e+00 2.449999999999999811e-10 nan
6.995782900000000382e+02 2.365403506999999905e+00 2.070000000000000090e-10 nan
7.036170000000000755e+02 2.364201918000000013e+00 1.729999999999999971e-10 nan
7.076790250000000242e+02 2.363016994000000093e+00 1.429999999999999973e-10 nan
7.117645009999999957e+02 2.361848430000000221e+00 1.160000000000000001e-10 nan
7.158735619999999926e+02 2.360695928000000166e+00 9.149999999999999422e-11 nan
7.200063450000000103e+02 2.359559196999999831e+00 6.959999999999999747e-11 nan
7.241629870000000437e+02 2.358437950999999977e+00 4.989999999999999700e-11 nan
7.283436259999999720e+02 2.357331912999999890e+00 3.220000000000000254e-11 nan
7.325483990000000176e+02 2.356240808999999992e+00 1.619999999999999963e-11 nan
7.367774470000000520e+02 2.355164371999999950e+00 1.769999999999999930e-12 nan
7.410309099999999489e+02 2.354102340999999932e+00 0.000000000000000000e+00 nan
7.453089280000000372e+02 2.353054458999999987e+00 0.000000000000000000e+00 nan
7.496116430000000719e+02 2.352020475000000221e+00 0.000000000000000000e+00 nan
7.539391989999999169e+02 2.351000146000000068e+00 0.000000000000000000e+00 nan
7.582917370000000119e+02 2.349993228000000212e+00 0.000000000000000000e+00 nan
7.626694029999999884e+02 2.348999489000000107e+00 0.000000000000000000e+00 nan
7.670723419999999351e+02 2.348018694999999934e+00 0.000000000000000000e+00 nan
7.715006989999999405e+02 2.347050621000000170e+00 0.000000000000000000e+00 nan
7.759546209999999746e+02 2.346095045999999851e+00 0.000000000000000000e+00 nan
7.804342560000000049e+02 2.345151752000000034e+00 0.000000000000000000e+00 nan
7.849397519999999986e+02 2.344220525999999971e+00 0.000000000000000000e+00 nan
7.894712579999999207e+02 2.343301159000000133e+00 0.000000000000000000e+00 nan
7.940289259999999558e+02 2.342393445999999990e+00 0.000000000000000000e+00 nan
7.986129050000000689e+02 2.341497185999999786e+00 0.000000000000000000e+00 nan
8.032233469999999897e+02 2.340612182000000097e+00 0.000000000000000000e+00 nan
8.078604060000000118e+02 2.339738241000000052e+00 0.000000000000000000e+00 nan
8.125242350000000897e+02 2.338875172999999918e+00 0.000000000000000000e+00 nan
8.172149890000000596e+02 2.338022791000000211e+00 0.000000000000000000e+00 nan
8.219328229999999849e+02 2.337180914000000165e+00 0.000000000000000000e+00 nan
8.266778930000000400e+02 2.336349360999999902e+00 0.000000000000000000e+00 nan
8.314503559999999425e+02 2.335527957000000043e+00 0.000000000000000000e+00 nan
8.362503709999999728e+02 2.334716527999999958e+00 0.000000000000000000e+00 nan
8.410780979999999545e+02 2.333914904999999873e+00 0.000000000000000000e+00 nan
8.459336939999999458e+02 2.333122921999999821e+00 0.000000000000000000e+00 nan
8.508173229999999876e+02 2.332340412999999835e+00 0.000000000000000000e+00 nan
8.557291450000000168e+02 2.331567219000000080e+00 0.000000000000000000e+00 nan
8.606693229999999630e+02 2.330803181999999918e+00 0.000000000000000000e+00 nan
8.656380209999999806e+02 2.330048145000000126e+00 0.000000000000000000e+00 nan
8.706354039999999941e+02 2.329301957000000201e+00 0.000000000000000000e+00 nan
8.756616370000000416e+02 2.328564468000000165e+00 0.000000000000000000e+00 nan
8.807168869999999288e+02 2.327835529000000125e+00 0.000000000000000000e+00 nan
8.858013210000000299e+02 2.327114996000000158e+00 0.000000000000000000e+00 nan
8.909151079999999183e+02 2.326402727000000059e+00 0.000000000000000000e+00 nan
8.960584169999999631e+02 2.325698581999999792e+00 0.000000000000000000e+00 nan
9.012314190000000735e+02 2.325002421000000208e+00 0.000000000000000000e+00 nan
9.064342840000000479e+02 2.324314111000000072e+00 0.000000000000000000e+00 nan
9.116671870000000126e+02 2.323633517999999842e+00 0.000000000000000000e+00 nan
9.169302989999999909e+02 2.322960510000000145e+00 0.000000000000000000e+00 nan
9.222237949999999955e+02 2.322294958000000076e+00 0.000000000000000000e+00 nan
9.275478510000000369e+02 2.321636734999999785e+00 0.000000000000000000e+00 nan
9.329026430000000119e+02 2.320985717000000115e+00 0.000000000000000000e+00 nan
9.382883490000000393e+02 2.320341780000000131e+00 0.000000000000000000e+00 nan
9.437051470000000108e+02 2.319704803000000037e+00 0.000000000000000000e+00 nan
9.491532160000000431e+02 2.319074667000000201e+00 0.000000000000000000e+00 nan
9.546327380000000176e+02 2.318451254999999822e+00 0.000000000000000000e+00 nan
9.601438920000000508e+02 2.317834449999999880e+00 0.000000000000000000e+00 nan
9.656868640000000141e+02 2.317224139999999988e+00 0.000000000000000000e+00 nan
9.712618350000000191e+02 2.316620209999999958e+00 0.000000000000000000e+00 nan
9.768689900000000534e+02 2.316022552999999817e+00 0.000000000000000000e+00 nan
9.825085169999999835e+02 2.315431057000000070e+00 0.000000000000000000e+00 nan
9.881805999999999131e+02 2.314845617000000022e+00 0.000000000000000000e+00 nan
9.938854289999999310e+02 2.314266125000000063e+00 0.000000000000000000e+00 nan
9.996231920000000173e+02 2.313692479000000191e+00 0.000000000000000000e+00 nan
1.005394080000000031e+03 2.313124574999999794e+00 0.000000000000000000e+00 nan
1.011198282999999947e+03 2.312562312999999925e+00 0.000000000000000000e+00 nan
1.017035995000000071e+03 2.312005591000000138e+00 0.000000000000000000e+00 nan
1.022907408000000032e+03 2.311454311999999955e+00 0.000000000000000000e+00 nan
1.028812715999999909e+03 2.310908378000000152e+00 0.000000000000000000e+00 nan
1.034752116999999998e+03 2.310367695000000055e+00 0.000000000000000000e+00 nan
1.040725805999999920e+03 2.309832166000000075e+00 0.000000000000000000e+00 nan
1.046733981999999969e+03 2.309301699999999791e+00 0.000000000000000000e+00 nan
1.052776842999999872e+03 2.308776203999999943e+00 0.000000000000000000e+00 nan
1.058854589999999916e+03 2.308255587000000109e+00 0.000000000000000000e+00 nan
1.064967423999999937e+03 2.307739758999999946e+00 0.000000000000000000e+00 nan
1.071115547999999990e+03 2.307228632999999807e+00 0.000000000000000000e+00 nan
1.077299166000000014e+03 2.306722120999999959e+00 0.000000000000000000e+00 nan
1.083518481999999949e+03 2.306220135999999865e+00 0.000000000000000000e+00 nan
1.089773701999999957e+03 2.305722593000000042e+00 0.000000000000000000e+00 nan
1.096065035000000080e+03 2.305229408999999841e+00 0.000000000000000000e+00 nan
1.102392687000000024e+03 2.304740500999999941e+00 0.000000000000000000e+00 nan
1.108756869999999935e+03 2.304255785000000056e+00 0.000000000000000000e+00 nan
1.115157793000000083e+03 2.303775181999999866e+00 0.000000000000000000e+00 nan
1.121595669000000044e+03 2.303298611000000218e+00 0.000000000000000000e+00 nan
1.128070711999999958e+03 2.302825991999999822e+00 0.000000000000000000e+00 nan
1.134583134999999857e+03 2.302357248999999939e+00 0.000000000000000000e+00 nan
1.141133154999999988e+03 2.301892302000000168e+00 0.000000000000000000e+00 nan
1.147720988000000034e+03 2.301431076000000076e+00 0.000000000000000000e+00 nan
1.154346853999999894e+03 2.300973495000000035e+00 0.000000000000000000e+00 nan
1.161010971000000154e+03 2.300519485000000142e+00 0.000000000000000000e+00 nan
1.167713561000000027e+03 2.300068969999999879e+00 0.000000000000000000e+00 nan
1.174454844000000094e+03 2.299621879000000035e+00 0.000000000000000000e+00 nan
1.181235046000000011e+03 2.299178137999999816e+00 0.000000000000000000e+00 nan
1.188054391000000123e+03 2.298737676000000008e+00 0.000000000000000000e+00 nan
1.194913102999999865e+03 2.298300423000000148e+00 0.000000000000000000e+00 nan
1.201811412000000018e+03 2.297866307000000052e+00 0.000000000000000000e+00 nan
1.208749545000000126e+03 2.297435258999999785e+00 0.000000000000000000e+00 nan
1.215727732000000060e+03 2.297007210999999938e+00 0.000000000000000000e+00 nan
1.222746204999999918e+03 2.296582094000000129e+00 0.000000000000000000e+00 nan
1.229805196000000024e+03 2.296159841000000146e+00 0.000000000000000000e+00 nan
1.236904939000000013e+03 2.295740384000000134e+00 0.000000000000000000e+00 nan
1.244045668999999862e+03 2.295323659000000127e+00 0.000000000000000000e+00 nan
1.251227622999999994e+03 2.294909597999999828e+00 0.000000000000000000e+00 nan
1.258451039000000037e+03 2.294498137999999798e+00 0.000000000000000000e+00 nan
1.265716156000000183e+03 2.294089211999999822e+00 0.000000000000000000e+00 nan
1.273023214999999936e+03 2.293682759000000182e+00 0.000000000000000000e+00 nan
1.280372458000000051e+03 2.293278712999999858e+00 0.000000000000000000e+00 nan
1.287764128999999912e+03 2.292877013000000019e+00 0.000000000000000000e+00 nan
1.295198472999999922e+03 2.292477595999999895e+00 0.000000000000000000e+00 nan
1.302675735000000032e+03 2.292080400000000129e+00 0.000000000000000000e+00 nan
1.310196163999999953e+03 2.291685363000000031e+00 0.000000000000000000e+00 nan
1.317760008999999854e+03 2.291292426000000049e+00 0.000000000000000000e+00 nan
1.325367520999999897e+03 2.290901526999999938e+00 0.000000000000000000e+00 nan
1.333018950999999788e+03 2.290512606000000062e+00 0.000000000000000000e+00 nan
1.340714553000000024e+03 2.290125605000000064e+00 0.000000000000000000e+00 nan
1.348454583000000184e+03 2.289740462999999782e+00 0.000000000000000000e+00 nan
1.356239295999999968e+03 2.289357122000000189e+00 0.000000000000000000e+00 nan
1.364068950999999970e+03 2.288975524000000039e+00 0.000000000000000000e+00 nan
1.371943807000000106e+03 2.288595610999999863e+00 0.000000000000000000e+00 nan
1.379864125000000058e+03 2.288217325000000191e+00 0.000000000000000000e+00 nan
1.387830167999999958e+03 2.287840608999999858e+00 0.000000000000000000e+00 nan
1.395842199000000164e+03 2.287465405999999923e+00 0.000000000000000000e+00 nan
1.403900484000000006e+03 2.287091659000000110e+00 0.000000000000000000e+00 nan
1.412005290000000059e+03 2.286719312999999865e+00 0.000000000000000000e+00 nan
1.420156884999999875e+03 2.286348310999999800e+00 0.000000000000000000e+00 nan
1.428355540000000019e+03 2.285978597999999806e+00 0.000000000000000000e+00 nan
1.436601527000000033e+03 2.285610119000000218e+00 0.000000000000000000e+00 nan
1.444895118000000139e+03 2.285242817999999954e+00 0.000000000000000000e+00 nan
1.453236587999999983e+03 2.284876639999999792e+00 0.000000000000000000e+00 nan
1.461626215000000002e+03 2.284511531999999789e+00 0.000000000000000000e+00 nan
1.470064274999999952e+03 2.284147438000000196e+00 6.772948312579312375e-319 nan
1.478551048999999921e+03 2.283784305000000181e+00 2.695291767190497728e-314 nan
1.487086817000000110e+03 2.283422078000000077e+00 9.345928446890000527e-310 nan
1.495671863000000030e+03 2.283060705000000024e+00 2.830000000000000062e-305 nan
1.504306471000000101e+03 2.282700131999999993e+00 7.489999999999999675e-301 nan
1.512990926999999829e+03 2.282340304999999958e+00 1.730000000000000067e-296 nan
1.521725519000000077e+03 2.281981172000000058e+00 3.529999999999999580e-292 nan
1.530510536000000002e+03 2.281622678999999820e+00 6.299999999999999507e-288 nan
1.539346270000000004e+03 2.281264773999999829e+00 9.899999999999999629e-284 nan
1.548233013000000028e+03 2.280907403000000055e+00 1.369999999999999937e-279 nan
1.557171059999999898e+03 2.280550515999999917e+00 1.679999999999999838e-275 nan
1.566160706000000118e+03 2.280194058999999829e+00 1.810000000000000105e-271 nan
1.575202251000000160e+03 2.279837979999999931e+00 1.729999999999999853e-267 nan
1.584295991999999842e+03 2.279482226999999916e+00 1.469999999999999877e-263 nan
1.593442232999999987e+03 2.279126747999999925e+00 1.110000000000000060e-259 nan
1.602641275000000178e+03 2.278771492000000176e+00 7.419999999999999048e-256 nan
1.611893425000000207e+03 2.278416405000000200e+00 4.430000000000000391e-252 nan
1.621198986999999988e+03 2.278061436999999856e+00 2.360000000000000103e-248 nan
1.630558270999999877e+03 2.277706535000000088e+00 1.119999999999999889e-244 nan
1.639971585999999888e+03 2.277351648999999867e+00 4.759999999999999588e-241 nan
1.649439245999999912e+03 2.276996726000000137e+00 1.809999999999999997e-237 nan
1.658961561999999958e+03 2.276641714999999788e+00 6.169999999999999489e-234 nan
1.668538851999999906e+03 2.276286563000000207e+00 1.889999999999999988e-230 nan
1.678171432000000095e+03 2.275931221000000004e+00 5.210000000000000447e-227 nan
1.687859621000000061e+03 2.275575636000000124e+00 1.290000000000000166e-223 nan
1.697603740999999900e+03 2.275219755999999816e+00 2.889999999999999768e-220 nan
1.707404114999999820e+03 2.274863530000000189e+00 5.820000000000000159e-217 nan
1.717261066000000028e+03 2.274506906000000050e+00 1.060000000000000176e-213 nan
1.727174921999999924e+03 2.274149833000000065e+00 1.750000000000000077e-210 nan
1.737146011999999928e+03 2.273792257999999844e+00 2.609999999999999858e-207 nan
1.747174665000000005e+03 2.273434131000000136e+00 3.540000000000000022e-204 nan
1.757261214999999993e+03 2.273075399000000107e+00 4.359999999999999887e-201 nan
1.767405993999999964e+03 2.272716009999999898e+00 4.869999999999999837e-198 nan
1.777609341000000086e+03 2.272355913000000172e+00 4.959999999999999887e-195 nan
1.787871591000000080e+03 2.271995055000000097e+00 4.609999999999999912e-192 nan
1.798193087000000105e+03 2.271633383999999811e+00 3.899999999999999451e-189 nan
1.808574168999999983e+03 2.271270846999999815e+00 3.019999999999999967e-186 nan
1.819015180999999984e+03 2.270907392999999885e+00 2.130000000000000131e-183 nan
1.829516471000000138e+03 2.270542969000000078e+00 1.379999999999999891e-180 nan
1.840078383999999915e+03 2.270177522000000003e+00 8.179999999999999586e-178 nan
1.850701273000000128e+03 2.269810999000000162e+00 4.449999999999999701e-175 nan
1.861385488000000123e+03 2.269443347999999805e+00 2.219999999999999717e-172 nan
1.872131384000000025e+03 2.269074514000000153e+00 1.020000000000000112e-169 nan
1.882939316000000190e+03 2.268704445000000014e+00 4.320000000000000252e-167 nan
1.893809643000000051e+03 2.268333087999999886e+00 1.680000000000000152e-164 nan
1.904742725999999948e+03 2.267960387000000022e+00 6.039999999999999530e-162 nan
1.915738925000000108e+03 2.267586290000000115e+00 1.999999999999999977e-159 nan
1.926798606999999947e+03 2.267210743000000139e+00 6.130000000000000349e-157 nan
1.937922137000000021e+03 2.266833689999999901e+00 1.740000000000000145e-154 nan
1.949109883000000082e+03 2.266455076999999818e+00 4.549999999999999907e-152 nan
1.960362216999999873e+03 2.266074848999999780e+00 1.110000000000000057e-149 nan
1.971679511999999932e+03 2.265692952000000204e+00 2.489999999999999946e-147 nan
1.983062141999999994e+03 2.265309330000000010e+00 5.219999999999999929e-145 nan
1.994510485000000017e+03 2.264923925999999810e+00 1.010000000000000064e-142 nan
2.006024919000000182e+03 2.264536684999999938e+00 1.829999999999999799e-140 nan
2.017605828000000201e+03 2.264147551000000202e+00 3.089999999999999923e-138 nan
2.029253592999999910e+03 2.263756466999999883e+00 4.839999999999999496e-136 nan
2.040968601999999919e+03 2.263363376000000038e+00 7.089999999999999677e-134 nan
2.052751241999999820e+03 2.262968222000000029e+00 9.680000000000001215e-132 nan
2.064601904999999988e+03 2.262570944999999778e+00 1.230000000000000178e-129 nan
2.076520982000000004e+03 2.262171488999999980e+00 1.470000000000000070e-127 nan
2.088508867999999893e+03 2.261769794000000111e+00 1.640000000000000161e-125 nan
2.100565961000000243e+03 2.261365802999999897e+00 1.719999999999999994e-123 nan
2.112692661000000044e+03 2.260959456000000145e+00 1.679999999999999938e-121 nan
2.124889368999999988e+03 2.260550693999999972e+00 1.549999999999999889e-119 nan
2.137156488999999965e+03 2.260139457000000185e+00 1.330000000000000115e-117 nan
2.149494427999999971e+03 2.259725684000000179e+00 1.079999999999999983e-115 nan
2.161903595000000223e+03 2.259309313999999791e+00 8.240000000000000562e-114 nan
2.174384399999999914e+03 2.258890287999999913e+00 5.910000000000000065e-112 nan
2.186937257999999929e+03 2.258468542000000134e+00 3.990000000000000420e-110 nan
2.199562584999999672e+03 2.258044014999999849e+00 2.540000000000000089e-108 nan
2.212260797999999795e+03 2.257616644000000061e+00 1.529999999999999945e-106 nan
2.225032318999999916e+03 2.257186366000000000e+00 8.650000000000000271e-105 nan
2.237877570999999989e+03 2.256753117000000142e+00 4.630000000000000166e-103 nan
2.250796979000000192e+03 2.256316834000000160e+00 2.339999999999999839e-101 nan
2.263790971999999783e+03 2.255877450999999922e+00 1.119999999999999982e-99 nan
2.276859979999999723e+03 2.255434903999999907e+00 5.070000000000000081e-98 nan
2.290004435999999714e+03 2.254989126999999982e+00 2.179999999999999837e-96 nan
2.303224776000000020e+03 2.254540051999999850e+00 8.849999999999999067e-95 nan
2.316521438000000217e+03 2.254087614999999989e+00 3.409999999999999869e-93 nan
2.329894862000000103e+03 2.253631745999999936e+00 1.249999999999999994e-91 nan
2.343345491999999922e+03 2.253172377999999920e+00 4.339999999999999843e-90 nan
2.356873772999999801e+03 2.252709442000000006e+00 1.429999999999999991e-88 nan
2.370480153999999857e+03 2.252242868999999814e+00 4.500000000000000470e-87 nan
2.384165084999999635e+03 2.251772588000000130e+00 1.350000000000000070e-85 nan
2.397929020000000037e+03 2.251298529000000048e+00 3.830000000000000151e-84 nan
2.411772415999999794e+03 2.250820620999999910e+00 1.039999999999999890e-82 nan
2.425695730000000367e+03 2.250338790999999894e+00 2.679999999999999990e-81 nan
2.439699423999999908e+03 2.249852966999999815e+00 6.620000000000000400e-80 nan
2.453783961999999974e+03 2.249363075000000212e+00 1.560000000000000022e-78 nan
2.467949812000000293e+03 2.248869040999999847e+00 3.500000000000000128e-77 nan
2.482197442000000137e+03 2.248370788999999981e+00 7.509999999999999751e-76 nan
2.496527324000000135e+03 2.247868244999999821e+00 1.539999999999999915e-74 nan
2.510939933000000110e+03 2.247361329999999935e+00 3.030000000000000451e-73 nan
2.525435747999999876e+03 2.246849968999999891e+00 5.700000000000000281e-72 nan
2.540015246999999817e+03 2.246334082000000176e+00 1.029999999999999997e-70 nan
2.554678915000000416e+03 2.245813590000000026e+00 1.770000000000000023e-69 nan
2.569427237999999761e+03 2.245288414000000010e+00 2.929999999999999703e-68 nan
2.584260702999999921e+03 2.244758473000000087e+00 4.649999999999999743e-67 nan
2.599179802999999993e+03 2.244223684000000052e+00 7.090000000000000638e-66 nan
2.614185031999999865e+03 2.243683964999999780e+00 1.040000000000000038e-64 nan
2.629276886999999988e+03 2.243139232999999955e+00 1.460000000000000094e-63 nan
2.644455868000000009e+03 2.242589403000000203e+00 1.969999999999999957e-62 nan
2.659722478000000137e+03 2.242034389000000072e+00 2.559999999999999825e-61 nan
2.675077223999999660e+03 2.241474104999999994e+00 3.200000000000000126e-60 nan
2.690520612999999685e+03 2.240908462999999795e+00 3.850000000000000011e-59 nan
2.706053158000000167e+03 2.240337374000000104e+00 4.470000000000000451e-58 nan
2.721675373000000036e+03 2.239760749000000217e+00 5.000000000000000199e-57 nan
2.737387776999999915e+03 2.239178497000000156e+00 5.380000000000000626e-56 nan
2.753190888999999970e+03 2.238590526999999941e+00 5.599999999999999680e-55 nan
2.769085233000000244e+03 2.237996744000000149e+00 5.609999999999999008e-54 nan
2.785071337000000312e+03 2.237397055000000190e+00 5.439999999999999797e-53 nan
2.801149729000000207e+03 2.236791364000000115e+00 5.089999999999999386e-52 nan
2.817320942999999716e+03 2.236179574999999975e+00 4.600000000000000035e-51 nan
2.833585514000000330e+03 2.235561591000000181e+00 4.020000000000000090e-50 nan
2.849943982000000233e+03 2.234937310999999927e+00 3.400000000000000050e-49 nan
2.866396888000000217e+03 2.234306635999999902e+00 2.779999999999999516e-48 nan
2.882944778000000042e+03 2.233669463000000022e+00 2.200000000000000187e-47 nan
2.899588200000000143e+03 2.233025690999999924e+00 1.689999999999999920e-46 nan
2.916327705000000151e+03 2.232375214000000163e+00 1.249999999999999941e-45 nan
2.933163849000000027e+03 2.231717927000000046e+00 9.019999999999999822e-45 nan
2.950097188000000187e+03 2.231053721999999961e+00 6.290000000000000477e-44 nan
2.967128284999999778e+03 2.230382490999999856e+00 4.259999999999999991e-43 nan
2.984257704000000103e+03 2.229704123999999954e+00 2.799999999999999659e-42 nan
3.001486010999999962e+03 2.229018509999999953e+00 1.789999999999999973e-41 nan
3.018813778999999613e+03 2.228325533000000025e+00 1.109999999999999954e-40 nan
3.036241581000000224e+03 2.227625080999999785e+00 6.659999999999999317e-40 nan
3.053769995000000108e+03 2.226917037000000210e+00 3.900000000000000295e-39 nan
3.071399601999999959e+03 2.226201281999999892e+00 2.219999999999999957e-38 nan
3.089130985000000237e+03 2.225477697000000088e+00 1.230000000000000146e-37 nan
3.106964732999999796e+03 2.224746161000000111e+00 6.600000000000000480e-37 nan
3.124901436000000103e+03 2.224006549999999915e+00 3.459999999999999816e-36 nan
3.142941689000000224e+03 2.223258738000000179e+00 1.759999999999999950e-35 nan
3.161086089999999786e+03 2.222502599999999884e+00 8.759999999999999871e-35 nan
3.179335239000000001e+03 2.221738005999999821e+00 4.239999999999999403e-34 nan
3.197689741000000140e+03 2.220964825999999892e+00 2.000000000000000112e-33 nan
3.216150205999999798e+03 2.220182926000000112e+00 9.200000000000000789e-33 nan
3.234717243000000053e+03 2.219392173000000135e+00 4.130000000000000375e-32 nan
3.253391470000000027e+03 2.218592430000000171e+00 1.810000000000000081e-31 nan
3.272173503999999866e+03 2.217783557000000183e+00 7.710000000000000397e-31 nan
3.291063967999999932e+03 2.216965414000000134e+00 3.220000000000000128e-30 nan
3.310063486999999895e+03 2.216137857000000100e+00 1.310000000000000109e-29 nan
3.329172692000000097e+03 2.215300739999999990e+00 5.210000000000000154e-29 nan
3.348392216000000190e+03 2.214453917000000160e+00 2.029999999999999777e-28 nan
3.367722694999999931e+03 2.213597236000000024e+00 7.700000000000000081e-28 nan
3.387164769999999862e+03 2.212730545999999965e+00 2.860000000000000081e-27 nan
3.406719086000000061e+03 2.211853689999999872e+00 1.040000000000000069e-26 nan
3.426386289999999917e+03 2.210966511000000079e+00 3.700000000000000429e-26 nan
3.446167034000000058e+03 2.210068849999999863e+00 1.290000000000000021e-25 nan
3.466061972999999853e+03 2.209160541999999783e+00 4.379999999999999537e-25 nan
3.486071766999999909e+03 2.208241423000000037e+00 1.459999999999999907e-24 nan
3.506197079000000031e+03 2.207311322999999881e+00 4.770000000000000086e-24 nan
3.526438576000000012e+03 2.206370070999999822e+00 1.529999999999999856e-23 nan
3.546796928000000207e+03 2.205417493000000118e+00 4.789999999999999295e-23 nan
3.567272809999999936e+03 2.204453410999999807e+00 1.469999999999999937e-22 nan
3.587866900999999871e+03 2.203477644999999985e+00 4.450000000000000463e-22 nan
3.608579882999999882e+03 2.202490009999999998e+00 1.320000000000000036e-21 nan
3.629412441999999828e+03 2.201490320000000001e+00 3.820000000000000275e-21 nan
3.650365268000000015e+03 2.200478384000000176e+00 1.090000000000000074e-20 nan
3.671439057000000048e+03 2.199454008000000016e+00 3.039999999999999809e-20 nan
3.692634505999999874e+03 2.198416994000000013e+00 8.329999999999999683e-20 nan
3.713952318000000105e+03 2.197367139999999885e+00 2.250000000000000065e-19 nan
3.735393198000000211e+03 2.196304243000000156e+00 5.950000000000000118e-19 nan
3.756957859000000099e+03 2.195228091999999798e+00 1.550000000000000034e-18 nan
3.778647013000000243e+03 2.194138474999999922e+00 3.949999999999999782e-18 nan
3.800461379999999735e+03 2.193035173000000171e+00 9.930000000000000318e-18 nan
3.822401683000000048e+03 2.191917967000000189e+00 2.450000000000000060e-17 nan
3.844468648999999914e+03 2.190786629000000207e+00 5.959999999999999718e-17 nan
3.866663008999999875e+03 2.189640927000000126e+00 1.430000000000000064e-16 nan
3.888985498000000007e+03 2.188480628999999844e+00 3.350000000000000201e-16 nan
3.911436855999999807e+03 2.187305492000000129e+00 7.759999999999999877e-16 nan
3.934017828000000009e+03 2.186115271999999887e+00 1.769999999999999968e-15 nan
3.956729159999999865e+03 2.184909719000000194e+00 3.959999999999999661e-15 nan
3.979571606999999858e+03 2.183688575000000132e+00 8.750000000000000581e-15 nan
4.002545924999999897e+03 2.182451578999999864e+00 1.900000000000000108e-14 nan
4.025652874000000338e+03 2.181198462999999865e+00 4.080000000000000033e-14 nan
4.048893222000000151e+03 2.179928954999999835e+00 8.620000000000000126e-14 nan
4.072267738000000008e+03 2.178642772999999977e+00 1.789999999999999946e-13 nan
4.095777196000000004e+03 2.177339631000000164e+00 3.679999999999999970e-13 nan
4.119422376000000440e+03 2.176019237000000217e+00 7.449999999999999557e-13 nan
4.143204060999999456e+03 2.174681287999999935e+00 1.489999999999999911e-12 nan
4.167123039000000063e+03 2.173325477000000117e+00 2.920000000000000079e-12 nan
4.191180102999999690e+03 2.171951487999999930e+00 5.680000000000000031e-12 nan
4.215376048999999512e+03 2.170558997000000101e+00 1.089999999999999920e-11 nan
4.239711680999999771e+03 2.169147671000000166e+00 2.059999999999999866e-11 nan
4.264187803000000713e+03 2.167717169999999971e+00 3.839999999999999794e-11 nan
4.288805228000000170e+03 2.166267139999999980e+00 7.069999999999999884e-11 nan
4.313564771000000292e+03 2.164797222999999882e+00 1.289999999999999940e-10 nan
4.338467252000000371e+03 2.163307044999999817e+00 2.310000000000000036e-10 nan
4.363513496999999916e+03 2.161796223000000072e+00 4.099999999999999800e-10 nan
4.388704335000000356e+03 2.160264363000000021e+00 7.189999999999999987e-10 nan
4.414040602000000035e+03 2.158711057000000100e+00 1.250000000000000026e-09 nan
4.439523137000000133e+03 2.157135885000000197e+00 2.129999999999999882e-09 nan
4.465152782999999545e+03 2.155538411000000210e+00 3.610000000000000148e-09 nan
4.490930392000000211e+03 2.153918185000000207e+00 6.050000000000000408e-09 nan
4.516856815999999526e+03 2.152274738000000021e+00 1.000000000000000021e-08 nan
4.542932914999999412e+03 2.150607584999999933e+00 1.640000000000000127e-08 nan
4.569159553000000415e+03 2.148916223000000070e+00 2.649999999999999907e-08 nan
4.595537599000000228e+03 2.147200122000000100e+00 4.249999999999999675e-08 nan
4.622067927000000054e+03 2.145458733999999978e+00 6.730000000000000045e-08 nan
4.648751416000000063e+03 2.143691483000000009e+00 1.050000000000000005e-07 nan
4.675588950999999724e+03 2.141897762999999788e+00 1.640000000000000127e-07 nan
4.702581419999999525e+03 2.140076944000000037e+00 2.510000000000000109e-07 nan
4.729729718999999932e+03 2.138228352000000054e+00 3.820000000000000060e-07 nan
4.757034746999999697e+03 2.136351283999999850e+00 5.759999999999999697e-07 nan
4.784497408000000178e+03 2.134444988999999904e+00 8.579999999999999802e-07 nan
4.812118612999999641e+03 2.132508672999999799e+00 1.269999999999999911e-06 nan
4.839899276999999529e+03 2.130541490999999787e+00 1.850000000000000075e-06 nan
4.867840320000000247e+03 2.128542540999999844e+00 2.690000000000000079e-06 nan
4.895942669000000024e+03 2.126510866999999916e+00 3.860000000000000312e-06 nan
4.924207254999999350e+03 2.124445441999999851e+00 5.489999999999999953e-06 nan
4.952635014000000410e+03 2.122345173999999890e+00 7.750000000000000338e-06 nan
4.981226886999999806e+03 2.120208900999999813e+00 1.079999999999999993e-05 nan
5.009983823999999913e+03 2.118035380999999884e+00 1.500000000000000038e-05 nan
5.038906775999999809e+03 2.115823300999999823e+00 2.059999999999999928e-05 nan
5.067996703000000707e+03 2.113571272000000167e+00 2.809999999999999862e-05 nan
5.097254566999999952e+03 2.111277836000000185e+00 3.800000000000000209e-05 nan
5.126681338999999753e+03 2.108941467999999819e+00 5.089999999999999717e-05 nan
5.156277992999999697e+03 2.106560591000000038e+00 6.770000000000000572e-05 nan
5.186045510999999351e+03 2.104133587999999833e+00 8.930000000000000221e-05 nan
5.215984878000000208e+03 2.101658822000000093e+00 1.169230000000000052e-04 nan
5.246097087999999530e+03 2.099134661999999985e+00 1.518790000000000005e-04 nan
5.276383136999999806e+03 2.096559508999999988e+00 1.957960000000000071e-04 nan
5.306844028999999864e+03 2.093931841999999932e+00 2.505380000000000194e-04 nan
5.337480774000000565e+03 2.091250248000000145e+00 3.182390000000000002e-04 nan
5.368294385999999577e+03 2.088513478999999951e+00 4.013210000000000019e-04 nan
5.399285887999999431e+03 2.085720503000000114e+00 5.025000000000000170e-04 nan
5.430456306000000041e+03 2.082870553999999874e+00 6.247890000000000518e-04 nan
5.461806671999999708e+03 2.079963213000000088e+00 7.714910000000000170e-04 nan
5.493338026000000355e+03 2.076998440000000112e+00 9.461800000000000245e-04 nan
5.525051413000000139e+03 2.073976663999999914e+00 1.152676000000000048e-03 nan
5.556947883000000729e+03 2.070898821000000112e+00 1.395004999999999943e-03 nan
5.589028492999999798e+03 2.067766424999999852e+00 1.677345999999999915e-03 nan
5.621294306000000688e+03 2.064581605999999958e+00 2.003970999999999791e-03 nan
5.653746392999999443e+03 2.061347150000000017e+00 2.379163000000000111e-03 nan
5.686385827000000063e+03 2.058066530000000061e+00 2.807131999999999943e-03 nan
5.719213690000000497e+03 2.054743907000000203e+00 3.291909999999999888e-03 nan
5.752231071000000156e+03 2.051384130000000194e+00 3.837250999999999856e-03 nan
5.785439064000000144e+03 2.047992709999999938e+00 4.446508000000000058e-03 nan
5.818838767999999618e+03 2.044575776999999928e+00 5.122517000000000043e-03 nan
5.852431290999999874e+03 2.041140010999999976e+00 5.867479000000000097e-03 nan
5.886217744999999923e+03 2.037692552999999851e+00 6.682839999999999787e-03 nan
5.920199251000000004e+03 2.034240908000000125e+00 7.569183999999999635e-03 nan
5.954376933999999892e+03 2.030792792000000180e+00 8.526129000000000346e-03 nan
5.988751927999999680e+03 2.027356025000000006e+00 9.552246999999999821e-03 nan
6.023325370000000476e+03 2.023938338999999864e+00 1.064499099999999948e-02 nan
6.058098407000000407e+03 2.020547237000000163e+00 1.180065299999999949e-02 nan
6.093072189999999864e+03 2.017189790999999843e+00 1.301434199999999992e-02 nan
6.128247879999999896e+03 2.013872484999999823e+00 1.427999100000000056e-02 nan
6.163626640999999836e+03 2.010601032999999926e+00 1.559038599999999948e-02 nan
6.199209646000000248e+03 2.007380218000000216e+00 1.693723199999999998e-02 nan
6.234998074000000088e+03 2.004213732000000192e+00 1.831124199999999841e-02 nan
6.270993110999999772e+03 2.001104048000000191e+00 1.970225199999999996e-02 nan
6.307195948999999928e+03 1.998052307000000027e+00 2.109936600000000134e-02 nan
6.343607788000000255e+03 1.995058221999999937e+00 2.249111599999999850e-02 nan
6.380229835999999523e+03 1.992120029000000070e+00 2.386564399999999836e-02 nan
6.417063304999999673e+03 1.989234468000000033e+00 2.521089199999999864e-02 nan
6.454109414999999899e+03 1.986396752999999959e+00 2.651480800000000082e-02 nan
6.491369396000000052e+03 1.983600647999999911e+00 2.776554200000000069e-02 nan
6.528844479999999749e+03 1.980838501999999890e+00 2.895165099999999839e-02 nan
6.566535910999999942e+03 1.978101351999999924e+00 3.006229200000000087e-02 nan
6.604444935999999871e+03 1.975379030000000036e+00 3.108739300000000136e-02 nan
6.642572812999999769e+03 1.972660332000000016e+00 3.201782400000000028e-02 nan
6.680920804000000317e+03 1.969933133999999919e+00 3.284552799999999884e-02 nan
6.719490181000000121e+03 1.967184590000000011e+00 3.356364399999999665e-02 nan
6.758282221000000391e+03 1.964401293999999965e+00 3.416659300000000205e-02 nan
6.797298209999999926e+03 1.961569474000000035e+00 3.465013799999999700e-02 nan
6.836539440999999897e+03 1.958675157999999916e+00 3.501142299999999985e-02 nan
6.876007214000000204e+03 1.955704368999999998e+00 3.524897700000000078e-02 nan
6.915702837000000727e+03 1.952643257999999937e+00 3.536269499999999955e-02 nan
6.955627625000000080e+03 1.949478298999999915e+00 3.535379300000000141e-02 nan
6.995782901000000493e+03 1.946196403999999935e+00 3.522474400000000228e-02 nan
7.036169996999999967e+03 1.942785026999999998e+00 3.497919299999999870e-02 nan
7.076790248999999676e+03 1.939232311999999903e+00 3.462185200000000157e-02 nan
7.117645005000000310e+03 1.935527135000000065e+00 3.415838999999999681e-02 nan
7.158735619000000042e+03 1.931659180000000031e+00 3.359530799999999734e-02 nan
7.200063449999999648e+03 1.927618959999999992e+00 3.293980700000000150e-02 nan
7.241629869999999755e+03 1.923397899000000022e+00 3.219965699999999958e-02 nan
7.283436255999999958e+03 1.918988248000000008e+00 3.138306099999999682e-02 nan
7.325483991999999489e+03 1.914383141000000066e+00 3.049852499999999855e-02 nan
7.367774472999999489e+03 1.909576498999999927e+00 2.955473200000000022e-02 nan
7.410309099000000060e+03 1.904563068000000081e+00 2.856042300000000145e-02 nan
7.453089280000000144e+03 1.899338237999999901e+00 2.752428300000000008e-02 nan
7.496116434000000481e+03 1.893898072999999904e+00 2.645484400000000166e-02 nan
7.539391986999999972e+03 1.888239210000000057e+00 2.536039299999999844e-02 nan
7.582917370999999548e+03 1.882358704000000049e+00 2.424889599999999895e-02 nan
7.626694030999999995e+03 1.876254011000000110e+00 2.312793299999999982e-02 nan
7.670723416000000725e+03 1.869922826000000038e+00 2.200464400000000029e-02 nan
7.715006985999999415e+03 1.863363010000000042e+00 2.088569499999999926e-02 nan
7.759546206999999413e+03 1.856572480000000080e+00 1.977724800000000074e-02 nan
7.804342555999999604e+03 1.849549058000000024e+00 1.868494999999999878e-02 nan
7.849397517999999764e+03 1.842290430000000034e+00 1.761393500000000070e-02 nan
7.894712583999999879e+03 1.834793952000000061e+00 1.656883799999999893e-02 nan
7.940289256999999452e+03 1.827056604000000029e+00 1.555382100000000066e-02 nan
7.986129047000000355e+03 1.819074859000000099e+00 1.457261399999999936e-02 nan
8.032233473000000231e+03 1.810844561999999991e+00 1.362856599999999994e-02 nan
8.078604063000000679e+03 1.802360857000000038e+00 1.272471300000000034e-02 nan
8.125242353999999068e+03 1.793618040999999996e+00 1.186386000000000038e-02 nan
8.172149889999999687e+03 1.784609531999999943e+00 1.104867200000000070e-02 nan
8.219328225999999631e+03 1.775327711999999947e+00 1.028178599999999936e-02 nan
8.266778925000000527e+03 1.765763900999999914e+00 9.565931999999999213e-03 nan
8.314503560999999536e+03 1.755908271000000020e+00 8.904079999999999981e-03 nan
8.362503714000000400e+03 1.745749742999999965e+00 8.299588999999999578e-03 nan
8.410780974999999671e+03 1.735276035000000050e+00 7.756390000000000159e-03 nan
8.459336943000000247e+03 1.724473535000000002e+00 7.279169999999999738e-03 nan
8.508173227999999654e+03 1.713327301999999941e+00 6.873589000000000261e-03 nan
8.557291447999999946e+03 1.701821180000000044e+00 6.546507000000000021e-03 nan
8.606693230999999287e+03 1.689937739000000105e+00 6.306225000000000372e-03 nan
8.656380213000000367e+03 1.677658340000000026e+00 6.162752999999999981e-03 nan
8.706354041999999026e+03 1.664963265999999997e+00 6.128083000000000315e-03 nan
8.756616372000000410e+03 1.651831929999999948e+00 6.216481999999999737e-03 nan
8.807168869999999515e+03 1.638242930999999958e+00 6.444792000000000402e-03 nan
8.858013210999999501e+03 1.624174381000000000e+00 6.832742999999999629e-03 nan
8.909151079000001118e+03 1.609604138999999989e+00 7.403263999999999678e-03 nan
8.960584170000000086e+03 1.594510145999999962e+00 8.182800000000000490e-03 nan
9.012314185999999609e+03 1.578870820999999980e+00 9.201624999999999735e-03 nan
9.064342844000000696e+03 1.562665557999999955e+00 1.049414199999999971e-02 nan
9.116671866000000591e+03 1.545875136000000039e+00 1.209917299999999953e-02 nan
9.169302986999999121e+03 1.528482397999999964e+00 1.406022799999999927e-02 nan
9.222237951000000976e+03 1.510472943999999984e+00 1.642574499999999854e-02 nan
9.275478511999999682e+03 1.491835728999999944e+00 1.924929900000000096e-02 nan
9.329026433999999426e+03 1.472564060000000064e+00 2.258975800000000145e-02 nan
9.382883490999998685e+03 1.452656473000000004e+00 2.651140000000000094e-02 nan
9.437051468999999997e+03 1.432117732999999893e+00 3.108394100000000035e-02 nan
9.491532161000000997e+03 1.410960076000000063e+00 3.638249000000000344e-02 nan
9.546327375000000757e+03 1.389204426000000048e+00 4.248738700000000146e-02 nan
9.601438924000000043e+03 1.366881905999999924e+00 4.948389799999999838e-02 nan
9.656868636000001061e+03 1.344035424000000090e+00 5.746172000000000085e-02 nan
9.712618346999999630e+03 1.320721349999999905e+00 6.651424499999999962e-02 nan
9.768689904000000752e+03 1.297011412000000030e+00 7.673750199999999910e-02 nan
9.825085166999999274e+03 1.272994678000000102e+00 8.822868999999999851e-02 nan
9.881806001999999353e+03 1.248779416999999947e+00 1.010841660000000031e-01 nan
9.938854290999999648e+03 1.224494787000000029e+00 1.153967679999999968e-01 nan
9.996231922999999369e+03 1.200292281000000072e+00 1.312523250000000030e-01 nan
1.005394080000000031e+04 1.176346190000000069e+00 1.487251830000000108e-01 nan
1.011198283000000083e+04 1.152852626999999908e+00 1.678727080000000094e-01 nan
1.017035995000000003e+04 1.130027157000000004e+00 1.887287980000000032e-01 nan
1.022907408000000032e+04 1.108099487999999910e+00 2.112965679999999902e-01 nan
1.028812716000000000e+04 1.087305406999999891e+00 2.355408669999999871e-01 nan
1.034752116999999998e+04 1.067875820999999892e+00 2.613814560000000120e-01 nan
1.040725806000000011e+04 1.050022991000000072e+00 2.886880989999999758e-01 nan
1.046733981999999924e+04 1.033926136999999912e+00 3.172790979999999816e-01 nan
1.052776843000000008e+04 1.019717235000000111e+00 3.469243040000000167e-01 nan
1.058854589999999916e+04 1.007470266999999975e+00 3.773534829999999896e-01 nan
1.064967424000000028e+04 9.971951430000000061e-01 4.082693479999999764e-01 nan
1.071115548000000126e+04 9.888374079999999733e-01 4.393638790000000127e-01 nan
1.077299166000000150e+04 9.822837669999999743e-01 4.703356029999999910e-01 nan
1.083518482000000040e+04 9.773711379999999727e-01 5.009052360000000315e-01 nan
1.089773701999999867e+04 9.738981970000000210e-01 5.308282920000000349e-01 nan
1.096065034999999989e+04 9.716375640000000091e-01 5.599034299999999797e-01 nan
1.102392687000000114e+04 9.703467140000000546e-01 5.879766140000000085e-01 nan
1.108756869999999981e+04 9.697775170000000333e-01 6.149421710000000374e-01 nan
1.115157792999999947e+04 9.696839139999999801e-01 6.407415100000000141e-01 nan
1.121595669000000089e+04 9.698283340000000141e-01 6.653607139999999642e-01 nan
1.128070712000000094e+04 9.699868219999999708e-01 6.888275929999999603e-01 nan
1.134583134999999857e+04 9.699543449999999956e-01 7.112089999999999801e-01 nan
1.141133154999999897e+04 9.695494310000000171e-01 7.326079319999999617e-01 nan
1.147720988000000034e+04 9.686197600000000518e-01 7.531612069999999992e-01 nan
1.154346853999999985e+04 9.670484219999999631e-01 7.730364939999999629e-01 nan
1.161010970999999881e+04 9.647602299999999964e-01 7.924284090000000003e-01 nan
1.167713561000000118e+04 9.617283840000000472e-01 8.115534770000000231e-01 nan
1.174454844000000048e+04 9.579805319999999957e-01 8.306427189999999738e-01 nan
1.181235045999999966e+04 9.536027240000000127e-01 8.499314380000000391e-01 nan
1.188054391000000032e+04 9.487398790000000082e-01 8.696462569999999781e-01 nan
1.194913103000000046e+04 9.435919299999999676e-01 8.899896539999999634e-01 nan
1.201811412000000018e+04 9.384036399999999833e-01 9.111223370000000044e-01 nan
1.208749545000000035e+04 9.334481869999999848e-01 9.331458649999999633e-01 nan
1.215727732000000105e+04 9.290048349999999733e-01 9.560873500000000025e-01 nan
1.222746205000000009e+04 9.253322950000000269e-01 9.798891770000000001e-01 nan
1.229805196000000069e+04 9.226415949999999810e-01 1.004406506999999893e+00 nan
1.236904939000000013e+04 9.210709470000000287e-01 1.029413262000000051e+00 nan
1.244045668999999907e+04 9.206665419999999767e-01 1.054617791000000082e+00 nan
1.251227622999999949e+04 9.213717710000000061e-01 1.079686208000000036e+00 nan
1.258451038999999946e+04 9.230255019999999977e-01 1.104270576000000004e+00 nan
1.265716156000000046e+04 9.253688770000000341e-01 1.128039141999999995e+00 nan
1.273023215000000164e+04 9.280601459999999747e-01 1.150705824999999960e+00 nan
1.280372458000000006e+04 9.306951249999999565e-01 1.172055513000000104e+00 nan
1.287764128999999957e+04 9.328313489999999764e-01 1.191964288000000094e+00 nan
1.295198473000000013e+04 9.340146449999999767e-01 1.210413857000000037e+00 nan
1.302675734999999986e+04 9.338066600000000106e-01 1.227499565000000015e+00 nan
1.310196164000000135e+04 9.318118389999999751e-01 1.243432230000000027e+00 nan
1.317760008999999991e+04 9.277041750000000198e-01 1.258534733999999933e+00 nan
1.325367521000000124e+04 9.212518650000000031e-01 1.273232007999999915e+00 nan
1.333018951000000015e+04 9.123390689999999470e-01 1.288035856999999895e+00 nan
1.340714552999999978e+04 9.009842310000000243e-01 1.303524297999999915e+00 nan
1.348454583000000093e+04 8.873522940000000414e-01 1.320314208000000100e+00 nan
1.356239296000000104e+04 8.717580820000000452e-01 1.339028515000000086e+00 nan
1.364068951000000015e+04 8.546601249999999927e-01 1.360259423000000023e+00 nan
1.371943807000000015e+04 8.366405470000000122e-01 1.384527153999999927e+00 nan
1.379864124999999876e+04 8.183725370000000110e-01 1.412241486000000101e+00 nan
1.387830168000000049e+04 8.005771109999999524e-01 1.443668492000000025e+00 nan
1.395842198999999891e+04 7.839740680000000239e-01 1.478908745000000025e+00 nan
1.403900483999999960e+04 7.692342549999999779e-01 1.517891689000000044e+00 nan
1.412005289999999877e+04 7.569407860000000321e-01 1.560387530000000078e+00 nan
1.420156884999999966e+04 7.475630509999999784e-01 1.606033124999999950e+00 nan
1.428355539999999928e+04 7.414459340000000287e-01 1.654368449999999990e+00 nan
1.436601526999999987e+04 7.388120609999999644e-01 1.704875230999999935e+00 nan
1.444895118000000002e+04 7.397733039999999649e-01 1.757012597999999981e+00 nan
1.453236588000000120e+04 7.443473560000000155e-01 1.810246006999999935e+00 nan
1.461626215000000047e+04 7.524758040000000259e-01 1.864067726000000036e+00 nan
1.470064275000000089e+04 7.640408279999999497e-01 1.918009092999999998e+00 nan
1.478551049000000057e+04 7.788796159999999968e-01 1.971646934000000018e+00 nan
1.487086816999999974e+04 7.967956179999999833e-01 2.024604996999999962e+00 nan
1.495671862999999939e+04 8.175672699999999571e-01 2.076553349000000104e+00 nan
1.504306470999999874e+04 8.409544009999999625e-01 2.127205973000000139e+00 nan
1.512990927000000011e+04 8.667030009999999729e-01 2.176318279999999827e+00 nan
1.521725518999999986e+04 8.945491030000000121e-01 2.223684893000000162e+00 nan
1.530510536000000138e+04 9.242218450000000418e-01 2.269137552000000113e+00 nan
1.539346270000000004e+04 9.554464830000000131e-01 2.312544259000000046e+00 nan
1.548233012999999846e+04 9.879478659999999524e-01 2.353808524999999818e+00 nan
1.557171059999999852e+04 1.021453235000000070e+00 2.392867900999999797e+00 nan
1.566160706000000027e+04 1.055696264000000051e+00 2.429694759000000204e+00 nan
1.575202250999999887e+04 1.090420527999999889e+00 2.464294439000000114e+00 nan
1.584295991999999933e+04 1.125383516999999944e+00 2.496704919999999994e+00 nan
1.593442232999999942e+04 1.160360666000000096e+00 2.526994934000000192e+00 nan
1.602641274999999951e+04 1.195148665999999915e+00 2.555261380000000138e+00 nan
1.611893424999999843e+04 1.229568954000000103e+00 2.581627285999999799e+00 nan
1.621198986999999943e+04 1.263470636000000091e+00 2.606237877999999952e+00 nan
1.630558270999999877e+04 1.296732178000000069e+00 2.629256181000000137e+00 nan
1.639971586000000025e+04 1.329263145000000090e+00 2.650859329000000209e+00 nan
1.649439245999999912e+04 1.361004464000000080e+00 2.671232739000000134e+00 nan
1.658961562000000049e+04 1.391927880999999978e+00 2.690565376999999980e+00 nan
1.668538852000000043e+04 1.422034545999999899e+00 2.709044765999999882e+00 nan
1.678171431999999913e+04 1.451352894000000004e+00 2.726852108000000108e+00 nan
1.687859620999999970e+04 1.479935830999999924e+00 2.744157454999999857e+00 nan
1.697603741000000082e+04 1.507856496000000046e+00 2.761115327999999813e+00 nan
1.707404115000000093e+04 1.535204567000000075e+00 2.777862497000000097e+00 nan
1.717261065999999846e+04 1.562082007999999966e+00 2.794514643999999937e+00 nan
1.727174922000000151e+04 1.588597978999999993e+00 2.811164459000000004e+00 nan
1.737146011999999973e+04 1.614864945999999968e+00 2.827881989999999846e+00 nan
1.747174665000000095e+04 1.640994325999999948e+00 2.844713872999999893e+00 nan
1.757261215000000084e+04 1.667093058000000072e+00 2.861684749000000139e+00 nan
1.767405993999999919e+04 1.693260175999999895e+00 2.878798504999999786e+00 nan
1.777609341000000131e+04 1.719584575999999920e+00 2.896041053999999892e+00 nan
1.787871590999999898e+04 1.746143108000000055e+00 2.913382556000000179e+00 nan
1.798193087000000014e+04 1.772999586999999933e+00 2.930780468000000027e+00 nan
1.808574168999999893e+04 1.800203833999999947e+00 2.948182270999999854e+00 nan
1.819015180999999939e+04 1.827792305000000006e+00 2.965529144000000006e+00 nan
1.829516471000000092e+04 1.855788326999999960e+00 2.982757741999999990e+00 nan
1.840078384000000005e+04 1.884202817000000030e+00 2.999803175999999905e+00 nan
1.850701272999999856e+04 1.913035717999999941e+00 3.016601474999999866e+00 nan
1.861385488000000259e+04 1.942277371000000086e+00 3.033090969999999942e+00 nan
1.872131383999999889e+04 1.971909665000000089e+00 3.049213726000000069e+00 nan
1.882939315999999963e+04 2.001907876000000197e+00 3.064917088000000067e+00 nan
1.893809643000000142e+04 2.032241758000000065e+00 3.080153841000000003e+00 nan
1.904742726000000039e+04 2.062877202000000132e+00 3.094883182999999871e+00 nan
1.915738925000000017e+04 2.093777159000000054e+00 3.109070396999999986e+00 nan
1.926798606999999902e+04 2.124903049999999904e+00 3.122687267999999960e+00 nan
1.937922136999999930e+04 2.156215383000000152e+00 3.135711366000000222e+00 nan
1.949109882999999900e+04 2.187674617999999960e+00 3.148126170999999918e+00 nan
1.960362217000000237e+04 2.219241702000000149e+00 3.159920502999999936e+00 nan
1.971679511999999886e+04 2.250879089000000111e+00 3.171088151999999827e+00 nan
1.983062141999999949e+04 2.282550457999999782e+00 3.181626608999999828e+00 nan
1.994510484999999971e+04 2.314221143000000147e+00 3.191537476000000151e+00 nan
2.006024918999999863e+04 2.345858579000000166e+00 3.200825701999999939e+00 nan
2.017605828000000110e+04 2.377432023999999977e+00 3.209498711000000171e+00 nan
2.029253592999999819e+04 2.408912701000000212e+00 3.217566463999999904e+00 nan
2.040968601999999737e+04 2.440273996999999806e+00 3.225040888000000106e+00 nan
2.052751241999999911e+04 2.471491004000000213e+00 3.231935216000000111e+00 nan
2.064601904999999897e+04 2.502540801999999953e+00 3.238264206000000200e+00 nan
2.076520982000000004e+04 2.533401920999999835e+00 3.244043379999999921e+00 nan
2.088508868000000075e+04 2.564054983000000121e+00 3.249289356999999878e+00 nan
2.100565960999999879e+04 2.594481134000000022e+00 3.254018691999999824e+00 nan
2.112692661000000226e+04 2.624664049000000166e+00 3.258249567000000013e+00 nan
2.124889369000000079e+04 2.654587531999999861e+00 3.261998977000000188e+00 nan
2.137156488999999783e+04 2.684237018999999780e+00 3.265285523000000190e+00 nan
2.149494427999999971e+04 2.713598662999999966e+00 3.268127311999999840e+00 nan
2.161903595000000132e+04 2.742659839999999960e+00 3.270542934999999929e+00 nan
2.174384400000000096e+04 2.771408205000000180e+00 3.272550716000000026e+00 nan
2.186937257999999929e+04 2.799832304999999799e+00 3.274169747999999824e+00 nan
2.199562585000000036e+04 2.827921576000000048e+00 3.275419085999999869e+00 nan
2.212260798000000068e+04 2.855665523999999955e+00 3.276317711999999993e+00 nan
2.225032318999999916e+04 2.883054535999999946e+00 3.276885491999999900e+00 nan
2.237877570999999807e+04 2.910079291000000179e+00 3.277142229999999934e+00 nan
2.250796978999999919e+04 2.936731360000000013e+00 3.277108403000000170e+00 nan
2.263790971999999965e+04 2.963002374000000216e+00 3.276804536000000212e+00 nan
2.276859979999999996e+04 2.988884544999999893e+00 3.276252243000000064e+00 nan
2.290004435999999987e+04 3.014371285999999817e+00 3.275473735999999914e+00 nan
2.303224776000000202e+04 3.039455715999999974e+00 3.274491293000000081e+00 nan
2.316521437999999762e+04 3.064132207000000108e+00 3.273329046999999825e+00 nan
2.329894861999999921e+04 3.088396107999999973e+00 3.272011464000000203e+00 nan
2.343345492000000013e+04 3.112243229999999805e+00 3.270563844000000220e+00 nan
2.356873772999999710e+04 3.135670999999999875e+00 3.269013064000000135e+00 nan
2.370480153999999675e+04 3.158678066999999867e+00 3.267386569000000129e+00 nan
2.384165085000000181e+04 3.181264200999999847e+00 3.265713004999999836e+00 nan
2.397929019999999946e+04 3.203431000999999778e+00 3.264022535000000058e+00 nan
2.411772416000000158e+04 3.225181967999999788e+00 3.262346318000000078e+00 nan
2.425695729999999821e+04 3.246523210999999964e+00 3.260716625999999785e+00 nan
2.439699423999999999e+04 3.267462190999999905e+00 3.259166326999999974e+00 nan
2.453783961999999883e+04 3.288009929000000220e+00 3.257730292999999833e+00 nan
2.467949812000000020e+04 3.308179823000000130e+00 3.256443309999999869e+00 nan
2.482197441999999864e+04 3.327988711999999794e+00 3.255341342999999998e+00 nan
2.496527323999999862e+04 3.347456943000000074e+00 3.254460509999999918e+00 nan
2.510939933000000019e+04 3.366607677999999826e+00 3.253836998999999786e+00 nan
2.525435747999999876e+04 3.385468874999999933e+00 3.253507647000000169e+00 nan
2.540015246999999727e+04 3.404071576000000210e+00 3.253507841999999872e+00 nan
2.554678914999999688e+04 3.422451918999999787e+00 3.253872952000000041e+00 nan
2.569427238000000216e+04 3.440648921999999832e+00 3.254636046999999976e+00 nan
2.584260702999999921e+04 3.458707035999999846e+00 3.255829616999999843e+00 nan
2.599179803000000175e+04 3.476673948000000181e+00 3.257482619000000135e+00 nan
2.614185032000000137e+04 3.494601813000000057e+00 3.259621979999999919e+00 nan
2.629276886999999988e+04 3.512546024999999794e+00 3.262270744999999916e+00 nan
2.644455868000000191e+04 3.530566508000000159e+00 3.265448466000000050e+00 nan
2.659722478000000046e+04 3.548725043000000134e+00 3.269169171000000151e+00 nan
2.675077223999999842e+04 3.567087507000000102e+00 3.273442950999999823e+00 nan
2.690520612999999867e+04 3.585719709999999782e+00 3.278272940999999996e+00 nan
2.706053157999999894e+04 3.604691660999999936e+00 3.283658190999999782e+00 nan
2.721675373000000036e+04 3.624071622999999853e+00 3.289588751000000144e+00 nan
2.737387776999999915e+04 3.643930248000000205e+00 3.296050157999999897e+00 nan
2.753190888999999879e+04 3.664335840000000122e+00 3.303018699999999974e+00 nan
2.769085232999999789e+04 3.685355577999999799e+00 3.310464851999999958e+00 nan
2.785071337000000131e+04 3.707054191000000110e+00 3.318351337000000179e+00 nan
2.801149729000000298e+04 3.729493097999999840e+00 3.326633605000000049e+00 nan
2.817320942999999897e+04 3.752729561000000214e+00 3.335260011999999996e+00 nan
2.833585513999999966e+04 3.776815875000000045e+00 3.344172106999999894e+00 nan
2.849943981999999960e+04 3.801798606000000191e+00 3.353305032999999824e+00 nan
2.866396888000000035e+04 3.827717901000000200e+00 3.362588038999999807e+00 nan
2.882944777999999860e+04 3.854606874999999988e+00 3.371945091000000172e+00 nan
2.899588200000000143e+04 3.882491094000000142e+00 3.381295570999999889e+00 nan
2.916327705000000060e+04 3.911388161000000085e+00 3.390555051999999847e+00 nan
2.933163849000000118e+04 3.941307409999999845e+00 3.399636130000000200e+00 nan
2.950097188000000097e+04 3.972249720999999845e+00 3.408449306000000067e+00 nan
2.967128284999999960e+04 4.004207442000000228e+00 3.416903889999999944e+00 nan
2.984257704000000012e+04 4.037164424000000196e+00 3.424908913999999971e+00 nan
3.001486011000000144e+04 4.071096176000000177e+00 3.432374040000000015e+00 nan
3.018813779000000068e+04 4.105970107000000091e+00 3.439210450000000030e+00 nan
3.036241581000000224e+04 4.141745870000000274e+00 3.445331692999999973e+00 nan
3.053769995000000199e+04 4.178375790999999673e+00 3.450654486999999992e+00 nan
3.071399601999999868e+04 4.215805368999999914e+00 3.455099462000000177e+00 nan
3.089130984999999782e+04 4.253973831999999788e+00 3.458591836000000086e+00 nan
3.106964732999999978e+04 4.292814757000000370e+00 3.461062017999999796e+00 nan
3.124901436000000103e+04 4.332256711000000315e+00 3.462446127999999845e+00 nan
3.142941689000000042e+04 4.372223936000000144e+00 3.462686441999999865e+00 nan
3.161086089999999967e+04 4.412637037999999734e+00 3.461731750000000218e+00 nan
3.179335239000000001e+04 4.453413689999999647e+00 3.459537639000000109e+00 nan
3.197689740999999776e+04 4.494469327000000014e+00 3.456066687999999942e+00 nan
3.216150205999999525e+04 4.535717838000000057e+00 3.451288593000000127e+00 nan
3.234717242999999871e+04 4.577072231999999907e+00 3.445180217999999961e+00 nan
3.253391469999999754e+04 4.618445284999999956e+00 3.437725572999999812e+00 nan
3.272173503999999957e+04 4.659750157999999587e+00 3.428915735999999992e+00 nan
3.291063968000000023e+04 4.700900976999999870e+00 3.418748712000000189e+00 nan
3.310063487000000168e+04 4.741813383000000215e+00 3.407229242000000102e+00 nan
3.329172692000000097e+04 4.782405035000000026e+00 3.394368561999999923e+00 nan
3.348392216000000190e+04 4.822596074999999871e+00 3.380184127999999788e+00 nan
3.367722694999999658e+04 4.862309551000000063e+00 3.364699297000000033e+00 nan
3.387164769999999407e+04 4.901471793999999882e+00 3.347942987000000148e+00 nan
3.406719085999999515e+04 4.940012749000000092e+00 3.329949302999999805e+00 nan
3.426386290000000008e+04 4.977866268999999733e+00 3.310757150999999787e+00 nan
3.446167033999999694e+04 5.014970359000000322e+00 3.290409834000000089e+00 nan
3.466061972999999853e+04 5.051267378999999558e+00 3.268954637999999857e+00 nan
3.486071766999999818e+04 5.086704209999999726e+00 3.246442408000000057e+00 nan
3.506197078999999940e+04 5.121232379000000279e+00 3.222927129999999973e+00 nan
3.526438576000000467e+04 5.154808140000000094e+00 3.198465504000000070e+00 nan
3.546796927999999753e+04 5.187392531000000417e+00 3.173116527999999992e+00 nan
3.567272810000000027e+04 5.218951384000000360e+00 3.146941083999999833e+00 nan
3.587866901000000507e+04 5.249455315999999705e+00 3.120001538999999990e+00 nan
3.608579882999999973e+04 5.278879681000000268e+00 3.092361352999999813e+00 nan
3.629412442000000010e+04 5.307204500000000102e+00 3.064084702999999799e+00 nan
3.650365267999999924e+04 5.334414362000000409e+00 3.035236122000000147e+00 nan
3.671439056999999593e+04 5.360498307000000295e+00 3.005880154999999831e+00 nan
3.692634505999999965e+04 5.385449684000000126e+00 2.976081034999999986e+00 nan
3.713952317999999650e+04 5.409265992999999995e+00 2.945902375999999823e+00 nan
3.735393198000000120e+04 5.431948715999999955e+00 2.915406887000000058e+00 nan
3.756957858999999735e+04 5.453503118000000427e+00 2.884656108000000163e+00 nan
3.778647013000000152e+04 5.473938060000000050e+00 2.853710164000000216e+00 nan
3.800461379999999917e+04 5.493265779999999765e+00 2.822627545000000016e+00 nan
3.822401682999999321e+04 5.511501680000000292e+00 2.791464905999999857e+00 nan
3.844468649000000005e+04 5.528664100000000303e+00 2.760276882999999959e+00 nan
3.866663008999999875e+04 5.544774096000000263e+00 2.729115940999999879e+00 nan
3.888985498000000371e+04 5.559855203999999773e+00 2.698032233000000168e+00 nan
3.911436856000000262e+04 5.573933210999999943e+00 2.667073484999999966e+00 nan
3.934017828000000009e+04 5.587035926000000430e+00 2.636284900000000153e+00 nan
3.956729159999999683e+04 5.599192953000000195e+00 2.605709078999999928e+00 nan
3.979571606999999494e+04 5.610435460999999790e+00 2.575385965000000166e+00 nan
4.002545924999999988e+04 5.620795968999999559e+00 2.545352799000000221e+00 nan
4.025652874000000156e+04 5.630308123999999914e+00 2.515644099999999828e+00 nan
4.048893222000000242e+04 5.639006500999999894e+00 2.486291657000000210e+00 nan
4.072267738000000099e+04 5.646926393000000211e+00 2.457324530999999812e+00 nan
4.095777196000000549e+04 5.654103623000000134e+00 2.428769085999999966e+00 nan
4.119422376000000077e+04 5.660574355999999696e+00 2.400649014999999942e+00 nan
4.143204061000000365e+04 5.666374926999999673e+00 2.372985394000000081e+00 nan
4.167123038999999699e+04 5.671541669999999868e+00 2.345796732000000162e+00 nan
4.191180103000000236e+04 5.676110768000000029e+00 2.319099050000000162e+00 nan
4.215376049000000057e+04 5.680118105000000028e+00 2.292905948000000027e+00 nan
4.239711680999999953e+04 5.683599130000000166e+00 2.267228695000000016e+00 nan
4.264187802999999985e+04 5.686588737000000116e+00 2.242076319999999789e+00 nan
4.288805227999999624e+04 5.689121147999999906e+00 2.217455709999999858e+00 nan
4.313564770999999746e+04 5.691229812999999638e+00 2.193371713999999972e+00 nan
4.338467252000000008e+04 5.692947317999999868e+00 2.169827247999999820e+00 nan
4.363513497000000643e+04 5.694305304000000234e+00 2.146823405000000129e+00 nan
4.388704334999999992e+04 5.695334396999999882e+00 2.124359570999999836e+00 nan
4.414040602000000217e+04 5.696064143000000080e+00 2.102433534000000215e+00 nan
4.439523136999999406e+04 5.696522964999999772e+00 2.081041601999999990e+00 nan
4.465152782999999908e+04 5.696738114000000408e+00 2.060178714000000078e+00 nan
4.490930391999999847e+04 5.696735637999999824e+00 2.039838558000000024e+00 nan
4.516856816000000254e+04 5.696540362000000357e+00 2.020013679999999923e+00 nan
4.542932914999999775e+04 5.696175868000000087e+00 2.000695593000000105e+00 nan
4.569159552999999869e+04 5.695664484999999999e+00 1.981874888999999973e+00 nan
4.595537599000000046e+04 5.695027291999999797e+00 1.963541339000000052e+00 nan
4.622067927000000054e+04 5.694284122000000004e+00 1.945683996999999943e+00 nan
4.648751416000000609e+04 5.693453571000000046e+00 1.928291296999999904e+00 nan
4.675588951000000088e+04 5.692553013999999578e+00 1.911351146999999973e+00 nan
4.702581420000000071e+04 5.691598631999999824e+00 1.894851013000000028e+00 nan
4.729729719000000478e+04 5.690605432999999991e+00 1.878778009999999998e+00 nan
4.757034747000000061e+04 5.689587282999999829e+00 1.863118980999999952e+00 nan
4.784497407999999996e+04 5.688556940999999867e+00 1.847860564000000094e+00 nan
4.812118612999999459e+04 5.687526092999999783e+00 1.832989272999999919e+00 nan
4.839899276999999711e+04 5.686505396000000268e+00 1.818491553999999955e+00 nan
4.867840320000000065e+04 5.685504511999999622e+00 1.804353850000000037e+00 nan
4.895942669000000024e+04 5.684532154000000226e+00 1.790562653999999920e+00 nan
4.924207255000000441e+04 5.683596132999999995e+00 1.777104559000000084e+00 nan
4.952635013999999501e+04 5.682703395999999962e+00 1.763966307000000011e+00 nan
4.981226886999999988e+04 5.681860076000000426e+00 1.751134822999999896e+00 nan
5.009983823999999731e+04 5.681071535000000061e+00 1.738597259000000061e+00 nan
5.038906776000000536e+04 5.680342411999999896e+00 1.726341021999999947e+00 nan
5.067996702999999980e+04 5.679676663999999597e+00 1.714353803000000065e+00 nan
5.097254566999999952e+04 5.679077612000000386e+00 1.702623599999999904e+00 nan
5.126681339000000298e+04 5.678547985999999881e+00 1.691138743000000000e+00 nan
5.156277992999999697e+04 5.678089963999999767e+00 1.679887904000000098e+00 nan
5.186045510999999533e+04 5.677705215999999666e+00 1.668860116999999921e+00 nan
5.215984878000000026e+04 5.677394944000000443e+00 1.658044787999999992e+00 nan
5.246097088000000076e+04 5.677159915999999917e+00 1.647431698999999972e+00 nan
5.276383136999999988e+04 5.677000510000000055e+00 1.637011015999999985e+00 nan
5.306844028999999864e+04 5.676916743999999682e+00 1.626773293999999925e+00 nan
5.337480774000000383e+04 5.676908309999999958e+00 1.616709474999999951e+00 nan
5.368294385999999940e+04 5.676974611000000337e+00 1.606810888000000048e+00 nan
5.399285887999999977e+04 5.677114783999999581e+00 1.597069247000000081e+00 nan
5.430456306000000041e+04 5.677327735000000430e+00 1.587476644000000103e+00 nan
5.461806672000000253e+04 5.677612163000000045e+00 1.578025546999999973e+00 nan
5.493338025999999809e+04 5.677966585000000066e+00 1.568708790000000075e+00 nan
5.525051412999999593e+04 5.678389360999999802e+00 1.559519566999999940e+00 nan
5.556947883000000002e+04 5.678878716999999909e+00 1.550451422000000079e+00 nan
5.589028493000000162e+04 5.679432760000000080e+00 1.541498239999999909e+00 nan
5.621294305999999779e+04 5.680049505999999582e+00 1.532654237000000030e+00 nan
5.653746392999999807e+04 5.680726888999999780e+00 1.523913947000000046e+00 nan
5.686385827000000427e+04 5.681462780000000379e+00 1.515272213999999895e+00 nan
5.719213689999999769e+04 5.682255006000000108e+00 1.506724181000000051e+00 nan
5.752231070999999793e+04 5.683101354999999799e+00 1.498265273999999980e+00 nan
5.785439063999999780e+04 5.683999595999999599e+00 1.489891193999999919e+00 nan
5.818838767999999982e+04 5.684947486999999633e+00 1.481597905000000104e+00 nan
5.852431291000000056e+04 5.685942781999999696e+00 1.473381623000000085e+00 nan
5.886217744999999559e+04 5.686983245000000409e+00 1.465238798999999981e+00 nan
5.920199250999999640e+04 5.688066656000000165e+00 1.457166116000000011e+00 nan
5.954376933999999892e+04 5.689190818000000149e+00 1.449160471999999977e+00 nan
5.988751928000000044e+04 5.690353560000000144e+00 1.441218971000000071e+00 nan
6.023325370000000112e+04 5.691552749999999605e+00 1.433338908999999939e+00 nan
6.058098406999999861e+04 5.692786293000000164e+00 1.425517770999999989e+00 nan
6.093072190000000410e+04 5.694052136999999902e+00 1.417753212999999901e+00 nan
6.128247879999999714e+04 5.695348276999999904e+00 1.410043055000000045e+00 nan
6.163626640999999654e+04 5.696672758000000059e+00 1.402385275000000098e+00 nan
6.199209646000000066e+04 5.698023678000000203e+00 1.394777994000000021e+00 nan
6.234998073999999906e+04 5.699399187000000033e+00 1.387219470000000010e+00 nan
6.270993110999999772e+04 5.700797491000000328e+00 1.379708091999999997e+00 nan
6.307195949000000110e+04 5.702216853999999557e+00 1.372242367999999990e+00 nan
6.343607787999999709e+04 5.703655594999999856e+00 1.364820917999999939e+00 nan
6.380229836000000068e+04 5.705112092000000246e+00 1.357442468999999985e+00 nan
6.417063305000000400e+04 5.706584781000000106e+00 1.350105848000000108e+00 nan
6.454109415000000445e+04 5.708072156000000064e+00 1.342809970000000019e+00 nan
6.491369396000000415e+04 5.709572765999999966e+00 1.335553841000000075e+00 nan
6.528844479999999021e+04 5.711085219000000102e+00 1.328336541999999953e+00 nan
6.566535910999999032e+04 5.712608180000000146e+00 1.321157230999999932e+00 nan
6.604444935999999871e+04 5.714140365999999638e+00 1.314015133999999918e+00 nan
6.642572813000000315e+04 5.715680552000000247e+00 1.306909542999999951e+00 nan
6.680920803999999771e+04 5.717227564999999956e+00 1.299839804999999959e+00 nan
6.719490181000001030e+04 5.718780283000000075e+00 1.292805326999999949e+00 nan
6.758282220999999845e+04 5.720337636000000003e+00 1.285805563000000040e+00 nan
6.797298209999999381e+04 5.721898602999999639e+00 1.278840015000000108e+00 nan
6.836539440999999351e+04 5.723462213000000354e+00 1.271908226999999947e+00 nan
6.876007214000000386e+04 5.725027540000000137e+00 1.265009784999999942e+00 nan
6.915702837000000000e+04 5.726593702999999813e+00 1.258144308999999961e+00 nan
6.955627624999999534e+04 5.728159867999999655e+00 1.251311454999999961e+00 nan
6.995782901000000129e+04 5.729725239999999609e+00 1.244510907000000000e+00 nan
7.036169997000000149e+04 5.731289066999999626e+00 1.237742378999999948e+00 nan
7.076790248999999312e+04 5.732850637000000305e+00 1.231005611000000055e+00 nan
7.117645004999999946e+04 5.734409276000000055e+00 1.224300363000000003e+00 nan
7.158735618999999133e+04 5.735964345000000186e+00 1.217626421999999931e+00 nan
7.200063450000000012e+04 5.737515243999999903e+00 1.210983587999999944e+00 nan
7.241629869999999937e+04 5.739061404000000088e+00 1.204371684000000053e+00 nan
7.283436256000000867e+04 5.740602288999999914e+00 1.197790544999999929e+00 nan
7.325483991999999853e+04 5.742137397999999671e+00 1.191240024000000064e+00 nan
7.367774473000000580e+04 5.743666253999999860e+00 1.184719982999999921e+00 nan
7.410309098999999696e+04 5.745188415000000326e+00 1.178230297999999898e+00 nan
7.453089280000000144e+04 5.746703462000000151e+00 1.171770854999999889e+00 nan
7.496116434000000299e+04 5.748211004999999929e+00 1.165341549000000088e+00 nan
7.539391986999999790e+04 5.749710677999999575e+00 1.158942284000000100e+00 nan
7.582917371000000276e+04 5.751202140000000185e+00 1.152572968999999947e+00 nan
7.626694030999999086e+04 5.752685072000000233e+00 1.146233521999999949e+00 nan
7.670723415999999270e+04 5.754159179000000179e+00 1.139923865999999952e+00 nan
7.715006986000000325e+04 5.755624185000000281e+00 1.133643927000000051e+00 nan
7.759546206999999413e+04 5.757079834999999868e+00 1.127393638000000031e+00 nan
7.804342556000000332e+04 5.758525892999999840e+00 1.121172934000000065e+00 nan
7.849397518000000855e+04 5.759962139999999842e+00 1.114981752999999909e+00 nan
7.894712583999999333e+04 5.761388376000000200e+00 1.108820034999999926e+00 nan
7.940289257000001089e+04 5.762804417999999984e+00 1.102687723000000064e+00 nan
7.986129047000000719e+04 5.764210095000000145e+00 1.096584761999999991e+00 nan
8.032233472999998776e+04 5.765605254999999651e+00 1.090511097999999901e+00 nan
8.078604063000000315e+04 5.766989758000000243e+00 1.084466676999999990e+00 nan
8.125242353999998886e+04 5.768363478000000377e+00 1.078451446000000091e+00 nan
8.172149890000000596e+04 5.769726301999999585e+00 1.072465352000000038e+00 nan
8.219328226000000723e+04 5.771078129000000168e+00 1.066508344000000053e+00 nan
8.266778925000000163e+04 5.772418867999999925e+00 1.060580368000000107e+00 nan
8.314503560999999172e+04 5.773748441999999592e+00 1.054681372999999978e+00 nan
8.362503714000000036e+04 5.775066780999999594e+00 1.048811302999999917e+00 nan
8.410780975000000035e+04 5.776373826000000378e+00 1.042970106000000063e+00 nan
8.459336942999999155e+04 5.777669529999999831e+00 1.037157726000000002e+00 nan
8.508173227999999654e+04 5.778953849999999726e+00 1.031374108000000067e+00 nan
8.557291447999999218e+04 5.780226754000000078e+00 1.025619193999999901e+00 nan
8.606693231000000378e+04 5.781488217999999790e+00 1.019892926999999894e+00 nan
8.656380212999999640e+04 5.782738224000000038e+00 1.014195246999999966e+00 nan
8.706354041999999026e+04 5.783976763000000076e+00 1.008526094000000040e+00 nan
8.756616372000001138e+04 5.785203830999999575e+00 1.002885406999999951e+00 nan
8.807168869999999879e+04 5.786419430999999669e+00 9.972731209999999846e-01 nan
8.858013210999999137e+04 5.787623571000000133e+00 9.916891730000000349e-01 nan
8.909151079000000027e+04 5.788816265000000350e+00 9.861334969999999700e-01 nan
8.960584170000000449e+04 5.789997532000000113e+00 9.806060250000000478e-01 nan
9.012314186000000336e+04 5.791167396999999717e+00 9.751066889999999709e-01 nan
9.064342843999998877e+04 5.792325888999999783e+00 9.696354179999999712e-01 nan
9.116671865999999864e+04 5.793473041000000379e+00 9.641921409999999470e-01 nan
9.169302986999999848e+04 5.794608890000000123e+00 9.587767839999999930e-01 nan
9.222237950999999885e+04 5.795733476999999745e+00 9.533892729999999816e-01 nan
9.275478512000000046e+04 5.796846847000000302e+00 9.480295330000000353e-01 nan
9.329026433999999426e+04 5.797949047000000355e+00 9.426974849999999462e-01 nan
9.382883490999999049e+04 5.799040129999999849e+00 9.373930510000000327e-01 nan
9.437051468999999634e+04 5.800120148000000420e+00 9.321161510000000039e-01 nan
9.491532161000001361e+04 5.801189159999999845e+00 9.268667029999999585e-01 nan
9.546327374999999302e+04 5.802247224000000259e+00 9.216446249999999951e-01 nan
9.601438924000000407e+04 5.803294401999999685e+00 9.164498319999999643e-01 nan
9.656868636000000697e+04 5.804330757999999868e+00 9.112822400000000211e-01 nan
9.712618347000000358e+04 5.805356358000000050e+00 9.061417619999999618e-01 nan
9.768689904000000388e+04 5.806371269999999640e+00 9.010283100000000545e-01 nan
9.825085167000000365e+04 5.807375563999999990e+00 8.959417950000000408e-01 nan
9.881806002000000444e+04 5.808369310999999868e+00 8.908821279999999954e-01 nan
9.938854291000000376e+04 5.809352583999999986e+00 8.858492169999999666e-01 nan
9.996231923000000825e+04 5.810325457000000249e+00 8.808429709999999746e-01 nan
1.005394079999999958e+05 5.811288004999999757e+00 8.758632960000000134e-01 nan
1.011198282999999938e+05 5.812240305999999634e+00 8.709100969999999942e-01 nan
1.017035994999999966e+05 5.813182435999999953e+00 8.659832819999999654e-01 nan
1.022907407999999996e+05 5.814114474000000143e+00 8.610827519999999513e-01 nan
1.028812716000000073e+05 5.815036499999999720e+00 8.562084119999999743e-01 nan
1.034752116999999998e+05 5.815948593999999972e+00 8.513601629999999476e-01 nan
1.040725806000000011e+05 5.816850836999999608e+00 8.465379079999999501e-01 nan
1.046733981999999960e+05 5.817743310000000001e+00 8.417415470000000344e-01 nan
1.052776843000000081e+05 5.818626094999999943e+00 8.369709800000000310e-01 nan
1.058854590000000026e+05 5.819499274000000000e+00 8.322261069999999927e-01 nan
1.064967424000000028e+05 5.820362931000000017e+00 8.275068270000000004e-01 nan
1.071115547999999981e+05 5.821217147999999675e+00 8.228130359999999976e-01 nan
1.077299165999999968e+05 5.822062008999999705e+00 8.181446340000000372e-01 nan
1.083518482000000076e+05 5.822897596999999870e+00 8.135015159999999801e-01 nan
1.089773701999999903e+05 5.823723997000000097e+00 8.088835789999999637e-01 nan
1.096065035000000062e+05 5.824541291000000065e+00 8.042907190000000428e-01 nan
1.102392687000000005e+05 5.825349563999999702e+00 7.997228309999999674e-01 nan
1.108756870000000054e+05 5.826148898999999659e+00 7.951798100000000424e-01 nan
1.115157793000000092e+05 5.826939380999999862e+00 7.906615510000000180e-01 nan
1.121595669000000053e+05 5.827721091999999992e+00 7.861679470000000336e-01 nan
1.128070711999999912e+05 5.828494118000000057e+00 7.816988929999999502e-01 nan
1.134583135000000038e+05 5.829258539999999655e+00 7.772542820000000185e-01 nan
1.141133154999999970e+05 5.830014442999999602e+00 7.728340059999999623e-01 nan
1.147720987999999925e+05 5.830761908999999577e+00 7.684379599999999755e-01 nan
1.154346854000000021e+05 5.831501021000000229e+00 7.640660339999999495e-01 nan
1.161010970999999990e+05 5.832231862000000433e+00 7.597181210000000240e-01 nan
1.167713561000000045e+05 5.832954512999999785e+00 7.553941140000000054e-01 nan
1.174454844000000012e+05 5.833669057999999907e+00 7.510939049999999506e-01 nan
1.181235046000000002e+05 5.834375576000000230e+00 7.468173839999999730e-01 nan
1.188054391000000032e+05 5.835074149000000432e+00 7.425644439999999902e-01 nan
1.194913102999999974e+05 5.835764858000000110e+00 7.383349759999999762e-01 nan
1.201811411999999982e+05 5.836447782999999667e+00 7.341288710000000162e-01 nan
1.208749545000000071e+05 5.837123004000000392e+00 7.299460199999999732e-01 nan
1.215727731999999960e+05 5.837790601000000024e+00 7.257863150000000152e-01 nan
1.222746205000000045e+05 5.838450651999999685e+00 7.216496460000000335e-01 nan
1.229805195999999996e+05 5.839103234999999614e+00 7.175359059999999456e-01 nan
1.236904939000000013e+05 5.839748430000000212e+00 7.134449840000000043e-01 nan
1.244045669000000053e+05 5.840386311999999691e+00 7.093767720000000443e-01 nan
1.251227623000000021e+05 5.841016959000000064e+00 7.053311610000000398e-01 nan
1.251227623000000021e+05 7.013080419999999648e-01 0.000000000000000000e+00 nan
