206.6403 2.114982 0.634113
208.71084428857716 2.121440878820138 0.6293413108604666
210.7813885771543 2.127750445994296 0.6245301679129294
212.85193286573144 2.1339123624244123 0.6196856790778836
214.92247715430858 2.1399260288359856 0.6148123335204517
216.99302144288572 2.145792886000254 0.6099159429393447
219.06356573146297 2.1515138696119807 0.6050021154854248
221.1341100200401 2.1570895588991057 0.6000768516510855
223.20465430861725 2.1625228936179024 0.5951442457947552
225.2751985971944 2.167814573652984 0.5902134713098531
227.34574288577153 2.172966686076227 0.5852880656828676
229.41628717434867 2.1779798505021764 0.5803749956892055
231.4868314629258 2.1828575703932644 0.5754819885847502
233.55737575150295 2.187603378858581 0.5706150910818374
235.6279200400802 2.192219416148419 0.5657824142208174
237.69846432865734 2.1967096358218257 0.5609910108108266
239.76900861723448 2.2010777427752983 0.5562489859745916
241.83955290581162 2.2053295138160505 0.5515646623979107
243.91009719438875 2.209470877156422 0.5469468626663483
245.9806414829659 2.213507558908713 0.542404537365627
248.05118577154303 2.2174478093218477 0.537946510763103
250.12173006012029 2.2213010701026272 0.53358334392937
252.19227434869742 2.2250771060948837 0.5293243351239993
254.26281863727456 2.2287889123057725 0.5251792971934934
256.3333629258517 2.2324512457754744 0.5211578412456493
258.40390721442884 2.2360798529557213 0.5172699920281102
260.474451503006 2.2396929493141333 0.5135262266750669
262.5449957915831 2.243313835121487 0.5099340911911745
264.61554008016026 2.2469676168650308 0.5065005079150914
266.6860843687375 2.250682827931715 0.5032307817562945
268.75662865731465 2.254492781246886 0.5001270845890683
270.8271729458918 2.2584340567818524 0.49718769458559425
272.8977172344689 2.26254708429109 0.49440727108852456
274.96826152304607 2.266876625777672 0.49177404948292064
277.0388058116232 2.2714721535444213 0.4892654528642063
279.10935010020034 2.2763844412544603 0.48685039314001344
281.1798943887776 2.281664484075556 0.4844874439440113
283.25043867735474 2.2873624956339267 0.48212048401112245
285.3209829659319 2.293523625203521 0.4796759826303108
287.391527254509 2.3001846879708627 0.47706566782172066
289.46207154308615 2.307367213388177 0.47418583238834205
291.5326158316633 2.3150707388374507 0.4709181676503905
293.60316012024043 2.323271076851773 0.46713304914696485
295.67370440881757 2.3319105312278747 0.4626983322164954
297.7442486973948 2.340900917714455 0.45748806314521256
299.81479298597196 2.35011252451174 0.4513918092918637
301.8853372745491 2.3593880866143535 0.4443287975062904
303.95588156312624 2.3685471287531077 0.4362513851709595
306.0264258517034 2.377397178202278 0.42716511086809544
308.0969701402805 2.385745285494045 0.41711407757785673
310.16751442885766 2.3934228465895 0.40619799050576405
312.2380587174348 2.40028415677749 0.3945444059581727
314.30860300601205 2.406230528138696 0.3823156052028992
316.3791472945892 2.4111959519157553 0.36968093042799655
318.4496915831663 2.415167419702152 0.35681102829807926
320.52023587174347 2.418159433952306 0.34386521908172146
322.5907801603206 2.420225130896508 0.33098099347376064
324.66132444889774 2.421431475068143 0.31827683094629766
326.7318687374749 2.4218631468823535 0.3058403631960482
328.80241302605214 2.421607190311227 0.29374163099206246
330.8729573146293 2.4207515807201987 0.28202066733992087
332.9435016032064 2.4193809445393364 0.2707065358903601
335.01404589178355 2.4175701891405588 0.2598081812268844
337.0845901803607 2.415389805368052 0.24932821809931488
339.15513446893783 2.412898066336136 0.23925657417795765
341.22567875751497 2.4101485241268996 0.22957923601991118
343.2962230460921 2.407183232941089 0.22027875251263693
345.36676733466936 2.4040380363253266 0.21133585323622997
347.4373116232465 2.400742989056664 0.20273055134849544
349.50785591182364 2.3973218845995854 0.19444209646888352
351.5784002004008 2.393795788402417 0.18645046473105825
353.6489444889779 2.390179083666386 0.1787377527333355
355.71948877755506 2.386484652620593 0.1712865830876399
357.7900330661322 2.3827219098217847 0.16408116715301743
359.86057735470945 2.3788982934825436 0.15710662715706014
361.9311216432866 2.3750200584331633 0.15034938989285418
364.0016659318637 2.371091108396687 0.14379850349715226
366.07221022044087 2.3671149732996755 0.13744346690451176
368.142754509018 2.363094197781253 0.13127525158337763
370.21329879759514 2.3590307168848677 0.12528574007284424
372.2838430861723 2.3549261460395017 0.11946741637557332
374.3543873747494 2.35078104274835 0.11381476727983647
376.4249316633267 2.3465957404276034 0.10832271632420626
378.4954759519038 2.342370626342469 0.10298677511447919
380.56602024048095 2.338106168574366 0.09780333782343004
382.6365645290581 2.333802842073541 0.09276892237386507
384.70710881763523 2.3294611257255515 0.0878809709850702
386.77765310621237 2.325081501835144 0.08313772894893318
388.8481973947895 2.320664460648404 0.07853753743843268
390.91874168336676 2.316210580712266 0.07407951782137362
392.9892859719439 2.311720496287945 0.06976328373708926
395.05983026052104 2.3071948797044572 0.06558849977573307
397.1303745490982 2.30263478094661 0.06155526947141644
399.2009188376753 2.2980414699526595 0.057663952007016496
401.27146312625246 2.2934162489215706 0.05391494494988405
403.3420074148296 2.288760800614002 0.05030909963827984
405.41255170340673 2.2840770722821957 0.04684758278268239
407.483095991984 2.279367033150596 0.04353158006771409
409.5536402805611 2.2746330899675535 0.040362608761747715
411.62418456913827 2.2698781199900315 0.037342542714844856
413.6947288577154 2.2651050250232663 0.034473273615578996
415.76527314629254 2.2603169851155114 0.03175674170458916
417.8358174348697 2.255517801095139 0.029194995545652067
419.9063617234468 2.2507113577835316 0.02679009835892032
421.9769060120241 2.245901804679679 0.02454424577565038
424.0474503006012 2.241095144431241 0.02246056050764916
426.11799458917835 2.2362981716192105 0.02054256144971966
428.1885388777555 2.2315176765447626 0.01879375100899794
430.25908316633263 2.226759958931716 0.017216416461509013
432.32962745490977 2.222030524611412 0.015810878658532167
434.4001717434869 2.21733480705243 0.01457727921305976
436.47071603206405 2.2126795605766922 0.013516507742688855
438.5412603206413 2.208085428779729 0.012637319416986276
440.61180460921844 2.203581365910604 0.011953175762317077
442.6823488977956 2.199196438244673 0.011477601745990263
444.7528931863727 2.1949576995336884 0.01121414850484765
446.82343747494986 2.19088264450278 0.011118993763166357
448.893981763527 2.1869859327472723 0.01113426467511035
450.96452605210413 2.1832822221456247 0.011202087752591246
453.0350703406814 2.179777006469315 0.011276005147906448
455.1056146292585 2.176444639876892 0.011348349331245514
457.17615891783566 2.173252868487114 0.01141968434473935
459.2467032064128 2.170169438475097 0.01149057422927597
461.31724749498994 2.1671675844089147 0.01156146198499025
463.3877917835671 2.164241079626364 0.011632337650981721
465.4583360721442 2.161388500975941 0.011703085329956996
467.52888036072136 2.1586084253061437 0.011773589124622695
469.5994246492986 2.1558991046112617 0.011843752828538813
471.66996893787575 2.1532566607720125 0.011913609350890012
473.7405132264529 2.150676357476848 0.011983243619698063
475.81105751503003 2.148153456052429 0.012052740706143223
477.88160180360717 2.145683274560929 0.012122183350437342
479.9521460921843 2.143262484486493 0.01219159868769039
482.02269038076145 2.1408891382439634 0.012260957117719485
484.0932346693387 2.1385613504861345 0.01233022648330646
486.16377895791584 2.136277235865801 0.012399374627233147
488.234323246493 2.134034920671846 0.012468377060673016
490.3048675350701 2.131832581143031 0.012537242212667212
492.37541182364726 2.129668406918351 0.012605987343251503
494.4459561122244 2.127540587636963 0.012674629712568965
496.51650040080153 2.1254473153782727 0.012743186487928198
498.5870446893787 2.1233870056352995 0.012811666337307147
500.6575889779559 2.12135847369752 0.01288006271921531
502.72813326653306 2.119360576361268 0.012948367513115611
504.7986775551102 2.117392170422876 0.013016572598470978
506.86922184368734 2.1154521152542602 0.013084670292095504
508.9397661322645 2.1135393753546117 0.013152670762126008
511.0103104208416 2.111653054753224 0.01322060786985438
513.0808547094188 2.109792267108881 0.013288517111724593
515.151398997996 2.107956126080361 0.013356433984180592
517.2219432865732 2.106143745910017 0.01342439368236967
519.2924875751503 2.1043542859947864 0.013492408088182374
521.3630318637274 2.102586982273757 0.013560449564891055
523.4335761523046 2.1008410781005447 0.013628486647656212
525.5041204408817 2.0991158168287667 0.013696487871638354
527.5746647294588 2.097410441812039 0.013764421771997987
529.645209018036 2.0957242369745224 0.01383226464207487
531.7157533066132 2.094056652722741 0.01390002461111436
533.7862975951904 2.092407182160891 0.013967717973305158
535.8568418837675 2.0907753183931965 0.014035361022840915
537.9273861723447 2.089160554523878 0.014102970053915257
539.9979304609218 2.0875623845447517 0.014170561159938035
542.0684747494989 2.085980328298639 0.014238144586514331
544.1390190380761 2.084413934917466 0.014305723953707071
546.2095633266533 2.0828627551117305 0.014373302524487258
548.2801076152305 2.0813263395919317 0.014440883561825902
550.3506519038076 2.079804239068567 0.014508470328694009
552.4211961923847 2.0782960081618094 0.014576065891431603
554.4917404809619 2.0768012469391586 0.014643671030677215
556.562284769539 2.0753195847877075 0.014711285052486634
558.6328290581162 2.0738506515831507 0.014778907238342114
560.7033733466933 2.0723940772011837 0.014846536869725912
562.7739176352705 2.0709494915175024 0.014914173228120293
564.8444619238477 2.0695165277897623 0.014981815366489263
566.9150062124248 2.0680948664086167 0.015049459153029313
568.985550501002 2.0666842223506126 0.015117098118975224
571.0560947895791 2.0652843113892216 0.015184725741713602
573.1266390781562 2.0638948492979177 0.01525233549863104
575.1971833667334 2.0625155518501725 0.01531992086711414
577.2677276553106 2.0611461351650497 0.015387475421437332
579.3382719438878 2.059786344805968 0.01545500099072307
581.4088162324649 2.0584359778442494 0.015522513844548759
583.479360521042 2.0570948365469133 0.015590031709127795
585.5499048096192 2.05576272318098 0.015657572310673575
587.6204490981963 2.0544394400134696 0.015725153375399488
589.6909933867735 2.053124789311402 0.015792792629518933
591.7615376753506 2.051818571773898 0.015860506265004678
593.8320819639279 2.0505205692283712 0.015928292007271513
595.902626252505 2.049230551013579 0.01599613536118742
597.9731705410821 2.047948286245594 0.01606402161371415
600.0437148296593 2.0466735440404853 0.01613193605181345
602.1142591182364 2.0454060935143237 0.01619986396244705
604.1848034068136 2.044145703783179 0.01626779063257671
606.2553476953907 2.0428921499190418 0.016335702723356004
608.3258919839678 2.0416452679571466 0.016403600961810275
610.3964362725451 2.040404929661022 0.016471494318449898
612.4669805611222 2.0391710072468876 0.016539391868233104
614.5375248496994 2.0379433729309606 0.016607302686118104
616.6080691382765 2.036721898929462 0.01667523584706314
618.6786134268536 2.0355064574586095 0.01674320042602643
620.7491577154308 2.0342969205777157 0.016811205336823343
622.8197020040079 2.0330931542453117 0.016879253227768044
624.8902462925852 2.031895016494192 0.01694733860744639
626.9607905811623 2.030702364827399 0.017015455440390053
629.0313348697395 2.029515056747979 0.01708359769113074
631.1018791583166 2.028332949758975 0.01715175932420012
633.1724234468937 2.02715590136343 0.017219934304129884
635.2429677354709 2.0259837690643874 0.017288116595451708
637.313512024048 2.0248164130884305 0.017356301273473124
639.3840563126251 2.0236537196249555 0.017424494002252648
641.4546006012024 2.022495589252982 0.017492706314555087
643.5251448897795 2.0213419227045755 0.01756094980556325
645.5956891783567 2.0201926207118 0.017629236070459946
647.6662334669338 2.0190475840067195 0.01769757670442798
649.736777755511 2.0179067133213984 0.017765983302650168
651.8073220440881 2.0167699093879015 0.017834467460309315
653.8778663326652 2.0156370740231 0.017903039679427076
655.9484106212425 2.0145081228498256 0.017971696549753242
658.0189549098196 2.013382981000381 0.018040425078339865
660.0894991983968 2.012261573794963 0.01810921208289835
662.1600434869739 2.0111438265537664 0.01817804438114011
664.230587775551 2.010029664596988 0.018246908790776558
666.3011320641282 2.008919013244824 0.018315792129519094
668.3716763527053 2.00781179781747 0.01838468121507913
670.4422206412825 2.0067079436308792 0.018453562873360682
672.5127649298597 2.00560737288026 0.018522429956781692
674.5833092184369 2.004509999122076 0.018591292000146788
676.653853507014 2.003415734430386 0.018660161400950438
678.7243977955911 2.002324490879251 0.018729050556687128
680.7949420841683 2.0012361805427306 0.01879797186485134
682.8654863727454 2.000150715494885 0.01886693772293755
684.9360306613225 1.9990680078097733 0.018935960528440227
687.0065749498998 1.9979879695614566 0.019005052678853877
689.0771192384769 1.9969105128393037 0.019074226564108645
691.1476635270541 1.9958355590785302 0.019143489956580224
693.2182078156312 1.9947630549218598 0.01921283817422798
695.2887521042084 1.9936929512193473 0.01928226445627134
697.3592963927855 1.9926251988210466 0.019351762041929756
699.4298406813626 1.9915597485770151 0.019421324170422676
701.5003849699398 1.9904965513373063 0.019490944080969536
703.570929258517 1.9894355579519751 0.01956061501278979
705.6414735470942 1.9883767192710764 0.01963033020510287
707.7120178356713 1.987319986144666 0.01970008289712822
709.7825621242484 1.9862653101253849 0.019769866683897987
711.8531064128256 1.9852126521755034 0.01983967992578797
713.9236507014027 1.9841619799750996 0.019909524385290457
715.9941949899799 1.9831132613492342 0.019979401898322938
718.0647392785571 1.9820664641229697 0.02004931430080289
720.1352835671343 1.981021556121369 0.0201192634286478
722.2058278557114 1.9799785051694936 0.020189251117775142
724.2763721442885 1.978937279092405 0.020259279204102403
726.3469164328657 1.9778978457151666 0.02032934952354707
728.4174607214428 1.976860172862839 0.020399463912026617
730.4880050100201 1.9758242273920144 0.02046962422413695
732.5585492985972 1.9747899594292826 0.02053983263713694
734.6290935871743 1.9737573049718564 0.02061009160079168
736.6996378757515 1.972726199573254 0.02068040357342347
738.7701821643286 1.971696578786996 0.020750771013354638
740.8407264529058 1.9706683781666021 0.020821196378907482
742.9112707414829 1.9696415332655925 0.020891682128404327
744.98181503006 1.9686159796374874 0.020962230720167483
747.0523593186372 1.9675916528358055 0.021032844612519253
749.1229036072143 1.9665684884140682 0.021103526263781966
751.1934478957915 1.9655464219257945 0.021174278132277922
753.2639921843687 1.9645253959963316 0.021245102105169035
755.3345364729458 1.9635053925772934 0.021315996893407355
757.405080761523 1.9624864072110824 0.021386960110276545
759.4756250501001 1.9614684354530791 0.021457989368012055
761.5461693386774 1.9604514728586662 0.021529082278849317
763.6167136272545 1.959435514983225 0.021600236455023753
765.6872579158317 1.9584205573821367 0.021671449508770806
767.7578022044088 1.957406595610784 0.021742719052325925
769.8283464929859 1.956393625224547 0.02181404269792453
771.8988907815631 1.9553816417788081 0.02188541805780205
773.9694350701402 1.954370640828949 0.02195684274419394
776.0399793587173 1.953360616922295 0.022028314514742554
778.1105236472945 1.9523515460749081 0.022099833800132043
780.1810679358716 1.951343388038824 0.022171403377050394
782.2516122244488 1.9503361020138956 0.02224302610183552
784.322156513026 1.9493296471999735 0.022314704830825358
786.3927008016032 1.9483239827969072 0.02238644242035779
788.4632450901803 1.9473190680045507 0.02245824172677077
790.5337893787574 1.946314862022754 0.02253010560640219
792.6043336673347 1.9453113240513682 0.022602036915589985
794.6748779559118 1.9443084132902453 0.022674038510672068
796.745422244489 1.9433060889392357 0.02274611324798635
798.8159665330661 1.9423043101981923 0.02281826398387076
800.8865108216432 1.9413030367312125 0.02289049348129761
802.9570551102204 1.9403022401038037 0.02296280210973142
805.0275993987975 1.9393019045052242 0.023035187699856675
807.0981436873747 1.9383020147336092 0.023107647959906254
809.1686879759518 1.937302555587092 0.023180180598112998
811.2392322645289 1.9363035118638066 0.02325278332270976
813.3097765531061 1.935304868361887 0.023325453841929394
815.3803208416833 1.9343066098794675 0.023398189864004756
817.4508651302605 1.933308721214682 0.023470989097168698
819.5214094188376 1.932311187165665 0.02354384924965408
821.5919537074147 1.93131399253055 0.02361676802969374
823.662497995992 1.930317122107471 0.023689743145520546
825.7330422845691 1.9293205606945631 0.023762772305367344
827.8035865731463 1.9283242932445483 0.023835853403961115
829.8741308617234 1.9273283070234335 0.023908987126747078
831.9446751503006 1.9263325910780882 0.023982176307580077
834.0152194388777 1.9253371345011956 0.024055423835585812
836.0857637274548 1.9243419263854402 0.024128732599890006
838.156308016032 1.9233469558235048 0.024202105489618354
840.2268523046091 1.922352211908073 0.024275545393896564
842.2973965931862 1.9213576837318302 0.024349055201850357
844.3679408817634 1.920363360387458 0.02442263780260542
846.4384851703406 1.9193692309676418 0.024496296085287483
848.5090294589178 1.9183752845650643 0.024570032939022237
850.5795737474949 1.9173815102724099 0.024643851252935396
852.6501180360721 1.9163878971823627 0.024717753916152673
854.7206623246493 1.9153944343876053 0.024791743817799767
856.7912066132264 1.9144011105893624 0.024865823387273025
858.8617509018036 1.913407911895712 0.02493999200858882
860.9322951903807 1.9124148233602947 0.025014247827434603
863.0028394789579 1.9114218300336951 0.025088588985909335
865.073383767535 1.9104289169664972 0.025163013626112046
867.1439280561121 1.9094360692092867 0.025237519890141735
869.2144723446893 1.9084432718126465 0.025312105920097385
871.2850166332664 1.9074505098271628 0.025386769858078032
873.3555609218436 1.9064577683034187 0.025461509846182655
875.4261052104207 1.9054650322920001 0.02553632402651027
877.496649498998 1.9044722868434911 0.02561121054115988
879.5671937875751 1.9034795170084755 0.02568616753223047
881.6377380761522 1.902486707837539 0.025761193141821064
883.7082823647294 1.9014938443812655 0.02583628551203066
885.7788266533066 1.9005009116908906 0.025911442785321866
887.8493709418838 1.8995078961384697 0.025986663842225095
889.9199152304609 1.8985147881890179 0.026061949850395654
891.990459519038 1.8975215790979723 0.026137302419173142
894.0610038076152 1.8965282601207707 0.02621272315789717
896.1315480961923 1.895534822512851 0.02628821367590735
898.2020923847695 1.8945412575296499 0.02636377558254328
900.2726366733466 1.893547556426605 0.02643941048714456
902.3431809619237 1.8925537104591554 0.02651511999905081
904.4137252505009 1.891559710882737 0.02659090572760163
906.484269539078 1.8905655489527884 0.026666769282136626
908.5548138276553 1.8895712159247464 0.02674271227199541
910.6253581162324 1.8885767030540495 0.026818736306517574
912.6959024048095 1.8875820015961333 0.026894842995042727
914.7664466933867 1.886587102806438 0.02697103394691049
916.8369909819639 1.8855919979403997 0.02704731077146046
918.9075352705411 1.8845966782575179 0.02712367507395936
920.9780795591182 1.8836011355370321 0.027200127938583712
923.0486238476954 1.8826053625831214 0.027276669421901257
925.1191681362725 1.8816093523199235 0.02735329946021102
927.1897124248496 1.8806130976715765 0.02743001798981206
929.2602567134268 1.879616591562216 0.02750682494700339
931.3308010020039 1.8786198269159804 0.027583720268084064
933.401345290581 1.8776227966570078 0.02766070388935313
935.4718895791582 1.8766254937094342 0.027737775747109606
937.5424338677353 1.875627910997397 0.02781493577765254
939.6129781563125 1.8746300414450334 0.02789218391728096
941.6835224448897 1.8736318779764805 0.027969520102293914
943.7540667334669 1.8726334135158764 0.028046944268990435
945.824611022044 1.8716346409873577 0.028124456353669572
947.8951553106212 1.870635553315062 0.028202056292630357
949.9656995991984 1.8696361434231261 0.028279744022171826
952.0362438877755 1.868636404235688 0.02835751947859302
954.1067881763527 1.8676363286833657 0.028435382598281492
956.1773324649298 1.866635911382873 0.02851333334065387
958.247876753507 1.8656351508789952 0.028591371718777195
960.3184210420841 1.8646340462747564 0.028669497753343074
962.3889653306612 1.8636325966731806 0.028747711465043107
964.4595096192384 1.8626308011772923 0.0288260128745689
966.5300539078155 1.8616286588901152 0.028904402002612056
968.6005981963926 1.8606261689146746 0.02898287886986419
970.6711424849698 1.859623330353994 0.029061443497016896
972.741686773547 1.858620142311097 0.029140095904761774
974.8122310621242 1.8576166038890092 0.029218836113790433
976.8827753507013 1.8566127141907542 0.029297664144794473
978.9533196392786 1.8556084723193556 0.029376580018465506
981.0238639278557 1.8546038773778393 0.02945558375549513
983.0944082164328 1.853598928469228 0.02953467537657495
985.16495250501 1.8525936246965462 0.02961385490239657
987.2354967935871 1.8515879651628184 0.029693122353651583
989.3060410821643 1.850581948971069 0.02977247775103161
991.3765853707414 1.8495755752243224 0.02985192111522825
993.4471296593185 1.8485688424826798 0.029931452491990387
995.5176739478957 1.847561744735331 0.030011072138026364
997.5882182364728 1.8465542736818645 0.030090780415715654
999.65876252505 1.8455464210047727 0.03017057768822668
1001.7293068136272 1.844538178386548 0.030250464318727893
1003.7998511022043 1.8435295375096836 0.030330440670387714
1005.8703953907815 1.842520490056671 0.030410507106374596
1007.9409396793586 1.8415110277100035 0.030490663989856975
1010.0114839679358 1.8405011421521733 0.030570911684003284
1012.082028256513 1.8394908250656732 0.030651250551981982
1014.1525725450902 1.8384800681329956 0.03073168095696148
1016.2231168336673 1.8374688630366334 0.030812203262110243
1018.2936611222444 1.8364572014590785 0.030892817830596702
1020.3642054108216 1.8354450750828248 0.030973525025589293
1022.4347496993987 1.8344324755903634 0.03105432521025646
1024.5052939879758 1.8334193946641872 0.03113521874776663
1026.575838276553 1.8324058239867895 0.03121620600128826
1028.6463825651301 1.8313917552406624 0.03129728733398978
1030.7169268537073 1.8303771801082982 0.03137846310903964
1032.7874711422844 1.8293620902721899 0.031459733689606265
1034.8580154308615 1.8283464783468288 0.03154109945413328
1036.928559719439 1.8273303438349777 0.031622560893960976
1038.9991040080158 1.8263136893268266 0.03170411855103159
1041.0696482965932 1.8252965174271285 0.03178577296752613
1043.1401925851703 1.8242788307406381 0.03186752468562555
1045.2107368737475 1.8232606318721116 0.031949374247510855
1047.2812811623246 1.8222419234263014 0.03203132219536299
1049.3518254509017 1.8212227080079622 0.03211336907136295
1051.4223697394789 1.820202988221849 0.03219551541769172
1053.492914028056 1.819182766672716 0.03227776177653027
1055.5634583166332 1.8181620459653183 0.03236010869005959
1057.6340026052103 1.817140828704409 0.032442556700460666
1059.7045468937874 1.8161191174947433 0.03252510634991444
1061.7750911823646 1.8150969149410765 0.03260775818060194
1063.8456354709417 1.8140742236481615 0.0326905127347041
1065.9161797595189 1.813051046220753 0.03277337055440192
1067.9867240480962 1.8120273852636055 0.03285633218187639
1070.0572683366731 1.8110032433814744 0.032939398159308464
1072.1278126252505 1.809978623179113 0.03302256902887915
1074.1983569138276 1.8089535272612758 0.0331058453327694
1076.2689012024048 1.807927958232718 0.033189227613160205
1078.339445490982 1.80690191869717 0.03327271641213143
1080.409989779559 1.805875410048281 0.03335631215227599
1082.4805340681362 1.8048484301294787 0.033440014905627244
1084.5510783567133 1.803820976136458 0.033523824680259384
1086.6216226452905 1.8027930452649124 0.03360774148424655
1088.6921669338676 1.8017646347105343 0.03369176532566289
1090.7627112224448 1.8007357416690188 0.0337758962125826
1092.833255511022 1.799706363336059 0.03386013415307982
1094.903799799599 1.7986764969073485 0.033944479155228705
1096.9743440881762 1.797646139578581 0.03402893122710344
1099.0448883767535 1.796615288545451 0.034113490376778174
1101.1154326653304 1.7955839410036512 0.03419815661232706
1103.1859769539078 1.7945520941488753 0.03428292994182427
1105.256521242485 1.793519745176818 0.03436781037334396
1107.327065531062 1.792486891283172 0.0344527979149603
1109.3976098196392 1.791453529663631 0.03453789257474745
1111.4681541082164 1.7904196575138893 0.034623094360779566
1113.5386983967935 1.7893852720296404 0.034708403281130826
1115.6092426853706 1.7883503704065782 0.03479381934387536
1117.6797869739478 1.7873149498403957 0.034879342557087356
1119.750331262525 1.7862790075267874 0.03496497292884097
1121.820875551102 1.785242540661446 0.035050710467210366
1123.8914198396792 1.7842055464400663 0.035136555180269695
1125.9619641282563 1.7831680220583412 0.03522250707609313
1128.0325084168335 1.782129964755911 0.035308566167308625
1130.1030527054108 1.781091373164014 0.03539473261074312
1132.173596993988 1.7800522475571037 0.035481006733495635
1134.2441412825651 1.779012588304343 0.03556738887247892
1136.3146855711423 1.7779723957748936 0.0356538793646057
1138.3852298597194 1.7769316703379172 0.03574047854678869
1140.4557741482965 1.7758904123625747 0.03582718675594059
1142.5263184368737 1.7748486222180293 0.035914004328974146
1144.5968627254508 1.7738063002734414 0.03600093160280206
1146.667407014028 1.7727634468979743 0.03608796891433707
1148.737951302605 1.771720062460789 0.03617511660049188
1150.8084955911822 1.770676147331047 0.036262374998179206
1152.8790398797594 1.7696317018779106 0.03634974444431178
1154.9495841683365 1.7685867264705424 0.036437225275802336
1157.0201284569137 1.767541221478102 0.036524817829563565
1159.0906727454908 1.766495187269753 0.03661252244250819
1161.1612170340682 1.7654486242146572 0.03670033945154897
1163.2317613226453 1.7644015326819757 0.03678826919359857
1165.3023056112224 1.7633539130408702 0.03687631200556974
1167.3728498997996 1.7623057656605035 0.036964468224375206
1169.4433941883767 1.7612570909100365 0.03705273818692767
1171.5139384769539 1.7602078891586317 0.037141122230139864
1173.584482765531 1.75915816077545 0.03722962069092449
1175.6550270541081 1.7581079061296543 0.037318233906194286
1177.7255713426853 1.7570571255904053 0.037406962212861966
1179.7961156312624 1.7560058195268655 0.03749580594784026
1181.8666599198395 1.754953988308197 0.037584765448041874
1183.9372042084167 1.7539016323035608 0.037673841050379527
1186.0077484969938 1.752848751882119 0.037763033091765943
1188.078292785571 1.7517953474130332 0.03785234190911385
1190.148837074148 1.750741419265466 0.03794176783933596
1192.2193813627252 1.7496869678085791 0.038031311219345
1194.2899256513026 1.7486319934115333 0.038120972386053685
1196.3604699398797 1.7475764964434912 0.038210751676374735
1198.431014228457 1.7465204772736147 0.03830064942722086
1200.501558517034 1.745463936271065 0.0383906659755048
1202.5721028056112 1.7444068738050047 0.03848080165813926
1204.6426470941883 1.743349290244595 0.03857105681203696
1206.7131913827654 1.7422911859589982 0.03866143177411063
1208.7837356713426 1.7412325613173758 0.038751926881272984
1210.8542799599197 1.7401734166888896 0.038842542470436746
1212.9248242484969 1.739113752442701 0.038933278878514624
1214.995368537074 1.7380535689479726 0.03902413644241935
1217.0659128256511 1.7369928665738656 0.039115115499063643
1219.1364571142283 1.7359316456895422 0.03920621638536021
1221.2070014028054 1.7348699066641649 0.039297439438221796
1223.2775456913826 1.7338076498668937 0.039388784994561096
1225.34808997996 1.7327448756668913 0.039480253391290854
1227.418634268537 1.7316815844333204 0.03957184496532376
1229.4891785571142 1.7306177765353419 0.039663560053572564
1231.5597228456913 1.7295534523421172 0.03975539899294996
1233.6302671342685 1.7284886122228091 0.039847362120368685
1235.7008114228456 1.7274232565465795 0.03993944977274146
1237.7713557114228 1.7263573856825887 0.04003166228698099
1239.8419 1.725291 0.040124
