1.914050000000000011e+02 1.098813942004234878e+00 1.230811722688361698e+00
1.949099999999999966e+02 1.117875800106598927e+00 1.252642841979414001e+00
1.984159999999999968e+02 1.136740771764360947e+00 1.272439201669273379e+00
2.019209999999999923e+02 1.145209748044588860e+00 1.289730196482619995e+00
2.054259999999999877e+02 1.165094157755378834e+00 1.305037333575057135e+00
2.089310000000000116e+02 1.189208773944659514e+00 1.317074863763590509e+00
2.124360000000000070e+02 1.201849088407203059e+00 1.326400588101735112e+00
2.159420000000000073e+02 1.217345156258603511e+00 1.335042724304811301e+00
2.194470000000000027e+02 1.239898608942505920e+00 1.340673765677020901e+00
2.229519999999999982e+02 1.254113593419806438e+00 1.342213469195177922e+00
2.264569999999999936e+02 1.260822315526538784e+00 1.344413104438925366e+00
2.299629999999999939e+02 1.275937148687908085e+00 1.353387551604939620e+00
2.334679999999999893e+02 1.280911758803429112e+00 1.361383290384454492e+00
2.369730000000000132e+02 1.279821613268616209e+00 1.366788918527293673e+00
2.404780000000000086e+02 1.291608918595189115e+00 1.373551791230054997e+00
2.439830000000000041e+02 1.303401960551204386e+00 1.380755471960826153e+00
2.474890000000000043e+02 1.307674634210868492e+00 1.386850978376942045e+00
2.509939999999999998e+02 1.315316058171476010e+00 1.391276791733362383e+00
2.544989999999999952e+02 1.327877734743917904e+00 1.393059447423207420e+00
2.580040000000000191e+02 1.339098833560165680e+00 1.391189160097451305e+00
2.615090000000000146e+02 1.349700952930275921e+00 1.387112520828879703e+00
2.650149999999999864e+02 1.362716066511940882e+00 1.382236284342934551e+00
2.685199999999999818e+02 1.378203267373864449e+00 1.373385318334391592e+00
2.720249999999999773e+02 1.394875828671649165e+00 1.357068933817502376e+00
2.755299999999999727e+02 1.408448898368649616e+00 1.334919723270098890e+00
2.790350000000000250e+02 1.414352441281496953e+00 1.309817541495636783e+00
2.825409999999999968e+02 1.412931046432483573e+00 1.281230875621876208e+00
2.860459999999999923e+02 1.406513901640829900e+00 1.247211074468248082e+00
2.895509999999999877e+02 1.397508578377699928e+00 1.204710769884741017e+00
2.930559999999999832e+02 1.388382986433260857e+00 1.149499945695330094e+00
2.965620000000000118e+02 1.376942437595459756e+00 1.077990910044218431e+00
3.000670000000000073e+02 1.350200323043925899e+00 9.882183728561901859e-01
3.035720000000000027e+02 1.295745936531441656e+00 8.790471561195866146e-01
3.070769999999999982e+02 1.218690845845055160e+00 7.543678796014976484e-01
3.105819999999999936e+02 1.132868861787171610e+00 6.205729062495302095e-01
3.140880000000000223e+02 1.045609025055566077e+00 4.900396468254429871e-01
3.175930000000000177e+02 9.351820198673511664e-01 4.015425612067528016e-01
3.210980000000000132e+02 7.719459902753464942e-01 4.010194819455323856e-01
3.246030000000000086e+02 5.520932335816610692e-01 5.056885676166628096e-01
3.281080000000000041e+02 3.295966821969468774e-01 6.685337146548625542e-01
3.316139999999999759e+02 1.662685812238497984e-01 8.338236478118554729e-01
3.351190000000000282e+02 1.037348535962098056e-01 9.594979691908825936e-01
3.386240000000000236e+02 1.103504498599491984e-01 1.053117924132896954e+00
3.421290000000000191e+02 1.378510834921420902e-01 1.133499881608800886e+00
3.456340000000000146e+02 1.452354418694548899e-01 1.216551809164392317e+00
3.491399999999999864e+02 1.314844527175700883e-01 1.302171097078124395e+00
3.526449999999999818e+02 1.092637275334655961e-01 1.384775210416982594e+00
3.561499999999999773e+02 9.079940585033620393e-02 1.459023744793291222e+00
3.596549999999999727e+02 8.023951603465090399e-02 1.523994629607644091e+00
3.631610000000000014e+02 7.475911859837210127e-02 1.582579668425067920e+00
3.666659999999999968e+02 7.130431334973540147e-02 1.637795895176020311e+00
3.701709999999999923e+02 6.701268216432790248e-02 1.692476130386350475e+00
3.736759999999999877e+02 6.140671578397029901e-02 1.747158816899346157e+00
3.771809999999999832e+02 5.562654648308359984e-02 1.800826161727516972e+00
3.806870000000000118e+02 5.084304902481569938e-02 1.852430796380074352e+00
3.841920000000000073e+02 4.809091589856760024e-02 1.901082414911953622e+00
3.876970000000000027e+02 4.728790399235049957e-02 1.947178902154640845e+00
3.912019999999999982e+02 4.780440857542930105e-02 1.991749429280405215e+00
3.947069999999999936e+02 4.900706692650259877e-02 2.035827501649440929e+00
3.982130000000000223e+02 5.026370776396679729e-02 2.080442824111716771e+00
4.017180000000000177e+02 5.111612487131150101e-02 2.126070179594799381e+00
4.052230000000000132e+02 5.146132643442769689e-02 2.172051271468359079e+00
4.087280000000000086e+02 5.123966269194889928e-02 2.217589548589778303e+00
4.122330000000000041e+02 5.039148388250880295e-02 2.261888459816442598e+00
4.157389999999999759e+02 4.887563464721139672e-02 2.304209327520344353e+00
4.192440000000000282e+02 4.684476875907830212e-02 2.344419950311114942e+00
4.227490000000000236e+02 4.456720109185399736e-02 2.382750058707956420e+00
4.262540000000000191e+02 4.231279355464789838e-02 2.419434224282598578e+00
4.297599999999999909e+02 4.035140805656949742e-02 2.454707018606768099e+00
4.332649999999999864e+02 3.892788282044490344e-02 2.488818366475651800e+00
4.367699999999999818e+02 3.809528482094220320e-02 2.522135853479600343e+00
4.402749999999999773e+02 3.781798106112289892e-02 2.555081486866481288e+00
4.437799999999999727e+02 3.805985777659699754e-02 2.588077568857897859e+00
4.472860000000000014e+02 3.878480120297449901e-02 2.621546401675451055e+00
4.507909999999999968e+02 3.995669757586529924e-02 2.655910287540744097e+00
4.542959999999999923e+02 4.152139404237280285e-02 2.691457459462948787e+00
4.578009999999999877e+02 4.334550698781729910e-02 2.727887295541609358e+00
4.613059999999999832e+02 4.527390647975459981e-02 2.764737551979750130e+00
4.648120000000000118e+02 4.715146198566960017e-02 2.801545980520579793e+00
4.683170000000000073e+02 4.882304297304720236e-02 2.837850332907306150e+00
4.718220000000000027e+02 5.013358546457599707e-02 2.873188565973233022e+00
4.753269999999999982e+02 5.098138529795590013e-02 2.907263065010622594e+00
4.788319999999999936e+02 5.141413579532250200e-02 2.940236584189200642e+00
4.823380000000000223e+02 5.150547801165829970e-02 2.972351835709367229e+00
4.858430000000000177e+02 5.132905300194590126e-02 3.003851531771521088e+00
4.893480000000000132e+02 5.095850182116799798e-02 3.034978384576062727e+00
4.928530000000000086e+02 5.046746552430699667e-02 3.065975106323394872e+00
4.963589999999999804e+02 4.992957874568999810e-02 3.097084320087930553e+00
4.998639999999999759e+02 4.941435394012880233e-02 3.128491428418036513e+00
5.033690000000000282e+02 4.898010479292200237e-02 3.160226382242268706e+00
5.068740000000000236e+02 4.868326134371200181e-02 3.192292985351496082e+00
5.103790000000000191e+02 4.858025363214080183e-02 3.224695041536586260e+00
5.138849999999999909e+02 4.872751169785079911e-02 3.257436354588408189e+00
5.173899999999999864e+02 4.918146558048409889e-02 3.290520728297830377e+00
5.208949999999999818e+02 4.999854531968309784e-02 3.323951966455720441e+00
5.243999999999999773e+02 5.120332318473849731e-02 3.357703934937988688e+00
5.279049999999999727e+02 5.269239277549669920e-02 3.391630233372162184e+00
5.314109999999999445e+02 5.433021553968309797e-02 3.425554265624203065e+00
5.349160000000000537e+02 5.598125292492939914e-02 3.459299435559980207e+00
5.384210000000000491e+02 5.750996637886759966e-02 3.492689147045364706e+00
5.419260000000000446e+02 5.878081734912939810e-02 3.525546803946230767e+00
5.454310000000000400e+02 5.965826728334699958e-02 3.557695810128450820e+00
5.489370000000000118e+02 6.000681670557510283e-02 3.588959620662652394e+00
5.524420000000000073e+02 5.974887574704899895e-02 3.619237573906467276e+00
5.559470000000000027e+02 5.898092761482529728e-02 3.648657109180633018e+00
5.594519999999999982e+02 5.783202905697500118e-02 3.677388349351541130e+00
5.629579999999999700e+02 5.643123682156910015e-02 3.705601417285576904e+00
5.664629999999999654e+02 5.490760765667879878e-02 3.733466435849129184e+00
5.699679999999999609e+02 5.339019831037500330e-02 3.761153527908582817e+00
5.734729999999999563e+02 5.200806553072870320e-02 3.788832816330325759e+00
5.769779999999999518e+02 5.089026606581099899e-02 3.816674423980745523e+00
5.804840000000000373e+02 5.016585666369290097e-02 3.844848473726229621e+00
5.839890000000000327e+02 4.995790984923569739e-02 3.873517739560338846e+00
5.874940000000000282e+02 5.027405670696959844e-02 3.902703228628335186e+00
5.909990000000000236e+02 5.101761749303140164e-02 3.932297850077552948e+00
5.945040000000000191e+02 5.208816153872979776e-02 3.962189906764991942e+00
5.980099999999999909e+02 5.338525817537349838e-02 3.992267701547647096e+00
6.015149999999999864e+02 5.480847673427120120e-02 4.022419537282516444e+00
6.050199999999999818e+02 5.625738654673140271e-02 4.052533716826596688e+00
6.085249999999999773e+02 5.763155694406300183e-02 4.082498543036884087e+00
6.120299999999999727e+02 5.883055725757459914e-02 4.112202318770379783e+00
6.155359999999999445e+02 5.975395681857480212e-02 4.141533346884076927e+00
6.190410000000000537e+02 6.030760034536199882e-02 4.170387333727676449e+00
6.225460000000000491e+02 6.047803485394079998e-02 4.198755195535644802e+00
6.260510000000000446e+02 6.030780696506919669e-02 4.226693915012266878e+00
6.295570000000000164e+02 5.984059040257200257e-02 4.254261804580507622e+00
6.330620000000000118e+02 5.912005889027369815e-02 4.281517176663334645e+00
6.365670000000000073e+02 5.818988615199920111e-02 4.308518343683712892e+00
6.400720000000000027e+02 5.709374591157299894e-02 4.335323618064610862e+00
6.435769999999999982e+02 5.587531189281969707e-02 4.361991312228997053e+00
6.470829999999999700e+02 5.457825781956419930e-02 4.388579738599836411e+00
6.505879999999999654e+02 5.324625741563109721e-02 4.415147209600097433e+00
6.540929999999999609e+02 5.192298440484510030e-02 4.441752037652744178e+00
6.575979999999999563e+02 5.065211251103080015e-02 4.468452535180745144e+00
6.611029999999999518e+02 4.947640026662050022e-02 4.495305852533251212e+00
6.646090000000000373e+02 4.841266702864249760e-02 4.522336203520821662e+00
6.681140000000000327e+02 4.744874505260689851e-02 4.549530995279449819e+00
6.716190000000000282e+02 4.657093945789100159e-02 4.576875695848095837e+00
6.751240000000000236e+02 4.576555536387220263e-02 4.604355773265718099e+00
6.786290000000000191e+02 4.501889788992780028e-02 4.631956695571274096e+00
6.821349999999999909e+02 4.431727215543519727e-02 4.659663930803720433e+00
6.856399999999999864e+02 4.364698327977180325e-02 4.687462947002011937e+00
6.891449999999999818e+02 4.299433638231490301e-02 4.715339212205111430e+00
6.926499999999999773e+02 4.234563658244189926e-02 4.743278194451976404e+00
6.961559999999999491e+02 4.168718899953009760e-02 4.771265361781558134e+00
6.996609999999999445e+02 4.100529875295679666e-02 4.799286182232821218e+00
7.031660000000000537e+02 4.028627096209960040e-02 4.827326123844717820e+00
7.066710000000000491e+02 3.951749653977260079e-02 4.855370634375997696e+00
7.101760000000000446e+02 3.870142718966310125e-02 4.883404880283217508e+00
7.136820000000000164e+02 3.785153035763649809e-02 4.911413822273297036e+00
7.171870000000000118e+02 3.698152538272689999e-02 4.939382416348352400e+00
7.206920000000000073e+02 3.610513160396820048e-02 4.967295618510491728e+00
7.241970000000000027e+02 3.523606836039420293e-02 4.995138384761833805e+00
7.277019999999999982e+02 3.438805499103909924e-02 5.022895671104489423e+00
7.312079999999999700e+02 3.357481083493679686e-02 5.050552433540574704e+00
7.347129999999999654e+02 3.281005523112120320e-02 5.078093628072197774e+00
7.382179999999999609e+02 3.210750751862630203e-02 5.105504210701478307e+00
7.417229999999999563e+02 3.148088703648609793e-02 5.132769137430526207e+00
7.452279999999999518e+02 3.094391312373440117e-02 5.159873364261454043e+00
7.487340000000000373e+02 3.051030511940540021e-02 5.186801847196379711e+00
7.522390000000000327e+02 3.019378236253289841e-02 5.213539542237413116e+00
7.557440000000000282e+02 3.000806419215100093e-02 5.240071405386667713e+00
7.592490000000000236e+02 2.996341399572699862e-02 5.266388471988217468e+00
7.627549999999999955e+02 3.005287479107539989e-02 5.292512069626544857e+00
7.662599999999999909e+02 3.026413651816129910e-02 5.318472942450619634e+00
7.697649999999999864e+02 3.058488742857159992e-02 5.344301837579426895e+00
7.732699999999999818e+02 3.100281577389269946e-02 5.370029502131949073e+00
7.767749999999999773e+02 3.150560980571130015e-02 5.395686683227170377e+00
7.802809999999999491e+02 3.208095777561399686e-02 5.421304127984072352e+00
7.837859999999999445e+02 3.271654793518750243e-02 5.446912583521638318e+00
7.872910000000000537e+02 3.340006853601840131e-02 5.472542796958853373e+00
7.907960000000000491e+02 3.411920782969340288e-02 5.498225515414702613e+00
7.943010000000000446e+02 3.486165406779900139e-02 5.523991486008164919e+00
7.978070000000000164e+02 3.561509550192200335e-02 5.549871455858227165e+00
8.013120000000000118e+02 3.636722038364879894e-02 5.575896172083869118e+00
8.048170000000000073e+02 3.710571696456620161e-02 5.602096381804079428e+00
8.083220000000000027e+02 3.781827349626089990e-02 5.628502832137836087e+00
8.118269999999999982e+02 3.849257823031940196e-02 5.655146270204127745e+00
8.153329999999999700e+02 3.911631941832829917e-02 5.682057443121933282e+00
8.188379999999999654e+02 3.967718531187430092e-02 5.709267098010238684e+00
8.223429999999999609e+02 4.016299564316350157e-02 5.736805513944355006e+00
8.258479999999999563e+02 4.056837198720959770e-02 5.764678756853204966e+00
8.293540000000000418e+02 4.089789715699949924e-02 5.792857432729322298e+00
8.328590000000000373e+02 4.115694629789130171e-02 5.821309327026717995e+00
8.363640000000000327e+02 4.135089455524360025e-02 5.850002225199403050e+00
8.398690000000000282e+02 4.148511707441460139e-02 5.878903912701383128e+00
8.433740000000000236e+02 4.156498900076280312e-02 5.907982174986670110e+00
8.468799999999999955e+02 4.159588547964650218e-02 5.937204797509269660e+00
8.503849999999999909e+02 4.158318165642409941e-02 5.966539565723195437e+00
8.538899999999999864e+02 4.153225267645389851e-02 5.995954265082452217e+00
8.573949999999999818e+02 4.144847368509439745e-02 6.025416681041050992e+00
8.608999999999999773e+02 4.133721982770389991e-02 6.054894599052999205e+00
8.644059999999999491e+02 4.120386624964079980e-02 6.084355804572305182e+00
8.679109999999999445e+02 4.105378809626340081e-02 6.113768083052979918e+00
8.714160000000000537e+02 4.089236051293009683e-02 6.143099219949030854e+00
8.749210000000000491e+02 4.072495864499930257e-02 6.172317000714471646e+00
8.784260000000000446e+02 4.055695763782930091e-02 6.201389210803304408e+00
8.819320000000000164e+02 4.039373263677859677e-02 6.230283635669539244e+00
8.854370000000000118e+02 4.024065878720550077e-02 6.258968060767189812e+00
8.889420000000000073e+02 4.010311123446830273e-02 6.287410271550262664e+00
8.924470000000000027e+02 3.998646257425349931e-02 6.315578070118261778e+00
8.959529999999999745e+02 3.989433637886170142e-02 6.343450677045781916e+00
8.994579999999999700e+02 3.982556044172830267e-02 6.371038622083677438e+00
9.029629999999999654e+02 3.977814788959659759e-02 6.398357753523082891e+00
9.064679999999999609e+02 3.975011184920949903e-02 6.425423919655130156e+00
9.099729999999999563e+02 3.973946544731030150e-02 6.452252968770960884e+00
9.134790000000000418e+02 3.974422181064209830e-02 6.478860749161703403e+00
9.169840000000000373e+02 3.976239406594789944e-02 6.505263109118495812e+00
9.204890000000000327e+02 3.979199533997099941e-02 6.531475896932477987e+00
9.239940000000000282e+02 3.983103875945440131e-02 6.557514960894776479e+00
9.274990000000000236e+02 3.987753745114119841e-02 6.583396149296532052e+00
9.310049999999999955e+02 3.992950454177460196e-02 6.609135310428873922e+00
9.345099999999999909e+02 3.998495315809769829e-02 6.634748292582944629e+00
9.380149999999999864e+02 4.004189642685360151e-02 6.660250944049876942e+00
9.415199999999999818e+02 4.009834747478539796e-02 6.685659113120801855e+00
9.450249999999999773e+02 4.015231942863629888e-02 6.710988648086855690e+00
9.485309999999999491e+02 4.020182541514930041e-02 6.736255397239179210e+00
9.520359999999999445e+02 4.024487856106759992e-02 6.761475208868901632e+00
9.555410000000000537e+02 4.027949199313429762e-02 6.786663931267160166e+00
9.590460000000000491e+02 4.030367883809259782e-02 6.811837412725091134e+00
9.625520000000000209e+02 4.031545222268549666e-02 6.837011501533825530e+00
9.660570000000000164e+02 4.031282527365610130e-02 6.862202045984499676e+00
9.695620000000000118e+02 4.029381111774769930e-02 6.887424894368252559e+00
9.730670000000000073e+02 4.025642288170319660e-02 6.912695894976216948e+00
9.765720000000000027e+02 4.019867369226590159e-02 6.938030896099527389e+00
9.800779999999999745e+02 4.011857667617890061e-02 6.963445746029318428e+00
9.835829999999999700e+02 4.001414496018519673e-02 6.988956293056725499e+00
9.870879999999999654e+02 3.988401760492899656e-02 7.014576427609603648e+00
9.905929999999999609e+02 3.973042239707390288e-02 7.040308814913145419e+00
9.940979999999999563e+02 3.955686380147260123e-02 7.066152126861377170e+00
9.976040000000000418e+02 3.936684782697780216e-02 7.092105030518854214e+00
1.001110000000000014e+03 3.916388048244250075e-02 7.118166192950119431e+00
1.004610000000000014e+03 3.895146777671929655e-02 7.144334281219713922e+00
1.008120000000000005e+03 3.873311571866090014e-02 7.170607962392194779e+00
1.011620000000000005e+03 3.851233031712029964e-02 7.196985903532096884e+00
1.015129999999999995e+03 3.829261758094999746e-02 7.223466771703972000e+00
1.018629999999999995e+03 3.807748351900280132e-02 7.250049233972366558e+00
1.022139999999999986e+03 3.787043414013160220e-02 7.276731957401825213e+00
1.025650000000000091e+03 3.767497545318909680e-02 7.303513609056895284e+00
1.029150000000000091e+03 3.749461346702789855e-02 7.330392856002121427e+00
1.032660000000000082e+03 3.733285419050100251e-02 7.357368365302051849e+00
1.036160000000000082e+03 3.719320363246100131e-02 7.384438804021231206e+00
1.039670000000000073e+03 3.707916780176079979e-02 7.411602839224206818e+00
1.043170000000000073e+03 3.699425270725299753e-02 7.438859137975523339e+00
1.046680000000000064e+03 3.694196435779049936e-02 7.466206367339728089e+00
1.050180000000000064e+03 3.692580876222589792e-02 7.493643194381366612e+00
1.053690000000000055e+03 3.694929192941209806e-02 7.521168286164986228e+00
1.057190000000000055e+03 3.701591986820180341e-02 7.548780309755130702e+00
1.060700000000000045e+03 3.712919858744769680e-02 7.576477932216349132e+00
1.064200000000000045e+03 3.729263409600269696e-02 7.604259820613187060e+00
1.067710000000000036e+03 3.750973240271950060e-02 7.632124642010189142e+00
1.071210000000000036e+03 3.778399951645079746e-02 7.660071063471902697e+00
1.074720000000000027e+03 3.811894144604940221e-02 7.688097752062870605e+00
1.078220000000000027e+03 3.851806420036810175e-02 7.716203374847647289e+00
1.081730000000000018e+03 3.898487378825959970e-02 7.744386598890771189e+00
1.085230000000000018e+03 3.952287621857659972e-02 7.772646091256792289e+00
1.088740000000000009e+03 4.013556724241640339e-02 7.800980511133333906e+00
1.092240000000000009e+03 4.082454098563890327e-02 7.829387057452183996e+00
1.095750000000000000e+03 4.158727562599150163e-02 7.857859768513281828e+00
1.099250000000000000e+03 4.242071156688319994e-02 7.886392269660264631e+00
1.102759999999999991e+03 4.332178921172309682e-02 7.914978186236771407e+00
1.106269999999999982e+03 4.428744896391999947e-02 7.943611143586442935e+00
1.109769999999999982e+03 4.531463122688320078e-02 7.972284767052920884e+00
1.113279999999999973e+03 4.640027640402139691e-02 8.000992681979843368e+00
1.116779999999999973e+03 4.754132489874379752e-02 8.029728513710848503e+00
1.120289999999999964e+03 4.873471711445929999e-02 8.058485887589579733e+00
1.123789999999999964e+03 4.997739345457680171e-02 8.087258428959673395e+00
1.127299999999999955e+03 5.126629432250549845e-02 8.116039763164769383e+00
1.130799999999999955e+03 5.259836012165439861e-02 8.144823515548512916e+00
1.134309999999999945e+03 5.397053125543230245e-02 8.173603311454533227e+00
1.137809999999999945e+03 5.537974812724830165e-02 8.202372776226477313e+00
1.141319999999999936e+03 5.682295114051139767e-02 8.231125535207983290e+00
1.144819999999999936e+03 5.829708069863070302e-02 8.259855213742692825e+00
1.148329999999999927e+03 5.979907720501510121e-02 8.288555437174245810e+00
1.151829999999999927e+03 6.132588106307349657e-02 8.317219830846280360e+00
1.155339999999999918e+03 6.287443267621499465e-02 8.345842020102429260e+00
1.158839999999999918e+03 6.444167244784859694e-02 8.374415630286343060e+00
1.162349999999999909e+03 6.602454078138329796e-02 8.402934286741658099e+00
1.165849999999999909e+03 6.761997808022809919e-02 8.431391614812010715e+00
1.169359999999999900e+03 6.922492474779200211e-02 8.459781239841044354e+00
1.172859999999999900e+03 7.083632118748389717e-02 8.488096787172393576e+00
1.176369999999999891e+03 7.245110780271299400e-02 8.516331882149708932e+00
1.179869999999999891e+03 7.406622499688809980e-02 8.544480150116619654e+00
1.183380000000000109e+03 7.567861317341829930e-02 8.572535216416769188e+00
1.186880000000000109e+03 7.728521273571249683e-02 8.600490706393795648e+00
1.190390000000000100e+03 7.888296408717980490e-02 8.628340245391338925e+00
1.193900000000000091e+03 8.046880763122919722e-02 8.656077458753042464e+00
1.197400000000000091e+03 8.203968377126970302e-02 8.683695971822539050e+00
1.200910000000000082e+03 8.359253291071019887e-02 8.711189409943475681e+00
1.204410000000000082e+03 8.512429545295970013e-02 8.738551398459488695e+00
1.207920000000000073e+03 8.663191180142740255e-02 8.765775562714219760e+00
1.211420000000000073e+03 8.811232235952209946e-02 8.792855528051306990e+00
1.214930000000000064e+03 8.956246753065269517e-02 8.819784919814383173e+00
1.218430000000000064e+03 9.097948859381960185e-02 8.846558032239480340e+00
1.221940000000000055e+03 9.236264631264010094e-02 8.873176217200120064e+00
1.225440000000000055e+03 9.371247295294850288e-02 8.899645060524481011e+00
1.228950000000000045e+03 9.502951805205840652e-02 8.925970205552758330e+00
1.232450000000000045e+03 9.631433114728299438e-02 8.952157295625145395e+00
1.235960000000000036e+03 9.756746177593589309e-02 8.978211974081844460e+00
1.239460000000000036e+03 9.878945947533049332e-02 9.004139884263041793e+00
1.242970000000000027e+03 9.998087378278010251e-02 9.029946669508937873e+00
1.246470000000000027e+03 1.011422542355983056e-01 9.055637973159729626e+00
1.249980000000000018e+03 1.022741503710982991e-01 9.081219438555601542e+00
1.253480000000000018e+03 1.033771117265938067e-01 9.106696709036759430e+00
1.256990000000000009e+03 1.044516878393978998e-01 9.132075427943396662e+00
1.260490000000000009e+03 1.054984282468243023e-01 9.157361238615708388e+00
1.264000000000000000e+03 1.065178824861861967e-01 9.182559784393886204e+00
1.267500000000000000e+03 1.075106000947971957e-01 9.207676708618128814e+00
1.271009999999999991e+03 1.084771306099706067e-01 9.232717654628631365e+00
1.274519999999999982e+03 1.094180235690199038e-01 9.257688265765587232e+00
1.278019999999999982e+03 1.103338285092585053e-01 9.282594185369195117e+00
1.281529999999999973e+03 1.112250949679995937e-01 9.307441056779644839e+00
1.285029999999999973e+03 1.120923724825570039e-01 9.332234523337131549e+00
1.288539999999999964e+03 1.129362105902439045e-01 9.356980228381855724e+00
1.292039999999999964e+03 1.137571588283737972e-01 9.381683815254010739e+00
1.295549999999999955e+03 1.145557667342600033e-01 9.406350927293789965e+00
1.299049999999999955e+03 1.153325838452159968e-01 9.430987207841390330e+00
1.302559999999999945e+03 1.160881596985552933e-01 9.455598300237008758e+00
1.306059999999999945e+03 1.168230438315912001e-01 9.480189847820836846e+00
1.309569999999999936e+03 1.175377857816370941e-01 9.504767493933069744e+00
1.313069999999999936e+03 1.182329350860065048e-01 9.529336881913904378e+00
1.316579999999999927e+03 1.189090412820127951e-01 9.553903655103532344e+00
1.320079999999999927e+03 1.195666539069694945e-01 9.578473456842159450e+00
1.323589999999999918e+03 1.202063224981898965e-01 9.603051930469970188e+00
1.327089999999999918e+03 1.208285965929874056e-01 9.627644719327159706e+00
1.330599999999999909e+03 1.214340257286754959e-01 9.652257466753930260e+00
1.334099999999999909e+03 1.220231594425675997e-01 9.676895816090471669e+00
1.337609999999999900e+03 1.225965472719770938e-01 9.701565410676984413e+00
1.341109999999999900e+03 1.231547387542173966e-01 9.726271893853656536e+00
1.344619999999999891e+03 1.236982834266019959e-01 9.751020908960688516e+00
1.348119999999999891e+03 1.242277308264442964e-01 9.775818099338268397e+00
1.351630000000000109e+03 1.247436304910576055e-01 9.800669108326601986e+00
1.355140000000000100e+03 1.252465319577555913e-01 9.825579579265880881e+00
1.358640000000000100e+03 1.257369847638513949e-01 9.850555155496296678e+00
1.362150000000000091e+03 1.262155384466585040e-01 9.875601480358044526e+00
1.365650000000000091e+03 1.266827425434904897e-01 9.900724197191323128e+00
1.369160000000000082e+03 1.271391465916605901e-01 9.925928949336329410e+00
1.372660000000000082e+03 1.275853001284822930e-01 9.951221380133256744e+00
1.376170000000000073e+03 1.280217526912690862e-01 9.976607132922296728e+00
1.379670000000000073e+03 1.284490538173342911e-01 1.000209185104363918e+01
1.383180000000000064e+03 1.288677530439913954e-01 1.002768117783749169e+01
1.386680000000000064e+03 1.292783999085538871e-01 1.005338075664405117e+01
1.390190000000000055e+03 1.296815439483350041e-01 1.007919623080350391e+01
1.393690000000000055e+03 1.300777342571148021e-01 1.010513323317104373e+01
1.397200000000000045e+03 1.304674228735873964e-01 1.013119510224736608e+01
1.400700000000000045e+03 1.308508437884690900e-01 1.015738002194130729e+01
1.404210000000000036e+03 1.312282012544503940e-01 1.018368547316326023e+01
1.407710000000000036e+03 1.315996995242210976e-01 1.021010893682360354e+01
1.411220000000000027e+03 1.319655428504714900e-01 1.023664789383272833e+01
1.414720000000000027e+03 1.323259354858916104e-01 1.026329982510101679e+01
1.418230000000000018e+03 1.326810816831714979e-01 1.029006221153885825e+01
1.421730000000000018e+03 1.330311856950014138e-01 1.031693253405664557e+01
1.425240000000000009e+03 1.333764517740712863e-01 1.034390827356475384e+01
1.428740000000000009e+03 1.337170841730712934e-01 1.037098691097357772e+01
1.432250000000000000e+03 1.340532871446916130e-01 1.039816592719349941e+01
1.435750000000000000e+03 1.343852649416223122e-01 1.042544280313491001e+01
1.439259999999999991e+03 1.347132218165532913e-01 1.045281501970819527e+01
1.442769999999999982e+03 1.350373620221748949e-01 1.048028005782373917e+01
1.446269999999999982e+03 1.353578898111771900e-01 1.050783539839192926e+01
1.449779999999999973e+03 1.356750094362501879e-01 1.053547852232315130e+01
1.453279999999999973e+03 1.359889251500840945e-01 1.056320691052779814e+01
1.456789999999999964e+03 1.362998412053688102e-01 1.059101804391624846e+01
1.460289999999999964e+03 1.366079618547947072e-01 1.061890940339888978e+01
1.463799999999999955e+03 1.369134913510517138e-01 1.064687846988611142e+01
1.467299999999999955e+03 1.372166339468298968e-01 1.067492272428830447e+01
1.470809999999999945e+03 1.375175938948194898e-01 1.070303964751584935e+01
1.474309999999999945e+03 1.378165754477105875e-01 1.073122672047913184e+01
1.477819999999999936e+03 1.381137828581932014e-01 1.075948142408853947e+01
1.481319999999999936e+03 1.384094203789573985e-01 1.078780123925446333e+01
1.484829999999999927e+03 1.387036922626934954e-01 1.081618364688728917e+01
1.488329999999999927e+03 1.389968027620913926e-01 1.084462612789739566e+01
1.491839999999999918e+03 1.392889561298412127e-01 1.087312616319517922e+01
1.495339999999999918e+03 1.395803566186331057e-01 1.090168123369102382e+01
1.498849999999999909e+03 1.398712084811571943e-01 1.093028882029530990e+01
1.502349999999999909e+03 1.401617159701036008e-01 1.095894640391843566e+01
1.505859999999999900e+03 1.404520833381623091e-01 1.098765146547077798e+01
1.509359999999999900e+03 1.407425148380234137e-01 1.101640148586272439e+01
1.512869999999999891e+03 1.410332147223772037e-01 1.104519394600466775e+01
1.516369999999999891e+03 1.413243872439136073e-01 1.107402632680699028e+01
1.519880000000000109e+03 1.416162366553228025e-01 1.110289610918007774e+01
1.523390000000000100e+03 1.419089672092948007e-01 1.113180077403431767e+01
1.526890000000000100e+03 1.422027831585198909e-01 1.116073780228009937e+01
1.530400000000000091e+03 1.424978887556880014e-01 1.118970467482780862e+01
1.533900000000000091e+03 1.427944882534893101e-01 1.121869887258782761e+01
1.537410000000000082e+03 1.430927859046139117e-01 1.124771787647054921e+01
1.540910000000000082e+03 1.433929859617517899e-01 1.127675916738635564e+01
1.544420000000000073e+03 1.436952926775932893e-01 1.130582022624563621e+01
1.547920000000000073e+03 1.439999103048283102e-01 1.133489853395877667e+01
1.551430000000000064e+03 1.443070430961470030e-01 1.136399157143615923e+01
1.554930000000000064e+03 1.446168953042394900e-01 1.139309681958818032e+01
1.558440000000000055e+03 1.449296711817958938e-01 1.142221175932522215e+01
1.561940000000000055e+03 1.452455749815061981e-01 1.145133387155766869e+01
1.565450000000000045e+03 1.455648109560606918e-01 1.148046063719590393e+01
1.568950000000000045e+03 1.458875833581493031e-01 1.150958953715032429e+01
1.572460000000000036e+03 1.462140964404622101e-01 1.153871805233130488e+01
1.575960000000000036e+03 1.465445544556895907e-01 1.156784366364924388e+01
1.579470000000000027e+03 1.468791616565214009e-01 1.159696385201452351e+01
1.582970000000000027e+03 1.472181222956479019e-01 1.162607609833752242e+01
1.586480000000000018e+03 1.475616406257589941e-01 1.165517788352864059e+01
1.589980000000000018e+03 1.479099208995449111e-01 1.168426668849825134e+01
1.593490000000000009e+03 1.482631673696956920e-01 1.171333999415675819e+01
1.596990000000000009e+03 1.486215842889015981e-01 1.174239528141453270e+01
1.600500000000000000e+03 1.489853759098525021e-01 1.177143003118196773e+01
1.604009999999999991e+03 1.493547464852386097e-01 1.180044172436944727e+01
1.607509999999999991e+03 1.497299002677499880e-01 1.182942784188736240e+01
1.611019999999999982e+03 1.501110415100768980e-01 1.185838586464609534e+01
1.614519999999999982e+03 1.504983744649092958e-01 1.188731327355603540e+01
1.618029999999999973e+03 1.508921033849373039e-01 1.191620754952757011e+01
1.621529999999999973e+03 1.512924325228509059e-01 1.194506617347108168e+01
1.625039999999999964e+03 1.516995661313403909e-01 1.197388662629695943e+01
1.628539999999999964e+03 1.521137084630957981e-01 1.200266638891559268e+01
1.632049999999999955e+03 1.525350637708071944e-01 1.203140294223736184e+01
1.635549999999999955e+03 1.529638363071648133e-01 1.206009376717265802e+01
1.639059999999999945e+03 1.534002303248584997e-01 1.208873634463186875e+01
1.642559999999999945e+03 1.538444500765785983e-01 1.211732815552537623e+01
1.646069999999999936e+03 1.542966998150150926e-01 1.214586668076357157e+01
1.649569999999999936e+03 1.547571837928581051e-01 1.217434940125684406e+01
1.653079999999999927e+03 1.552261062627978139e-01 1.220277379791557060e+01
1.656579999999999927e+03 1.557036714775242026e-01 1.223113735165014404e+01
1.660089999999999918e+03 1.561900836897273936e-01 1.225943754337095370e+01
1.663589999999999918e+03 1.566855471520975096e-01 1.228767185398838002e+01
1.667099999999999909e+03 1.571902661173245896e-01 1.231583776441281231e+01
1.670599999999999909e+03 1.577044448380988950e-01 1.234393275555463809e+01
1.674109999999999900e+03 1.582282875671104094e-01 1.237195430832423959e+01
1.677609999999999900e+03 1.587619985570493109e-01 1.239989990363201144e+01
1.681119999999999891e+03 1.593057820606056108e-01 1.242776702238833231e+01
1.684619999999999891e+03 1.598598423304694038e-01 1.245555314550360038e+01
1.688130000000000109e+03 1.604243836193308126e-01 1.248325575388818365e+01
1.691640000000000100e+03 1.609996101798800983e-01 1.251087232845248742e+01
1.695140000000000100e+03 1.615857262648071058e-01 1.253840035010688858e+01
1.698650000000000091e+03 1.621829361268020964e-01 1.256583729976177644e+01
1.702150000000000091e+03 1.627914440185551093e-01 1.259318065832753675e+01
1.705660000000000082e+03 1.634114541927562947e-01 1.262042790671455528e+01
1.709160000000000082e+03 1.640431709020956919e-01 1.264757652583321779e+01
1.712670000000000073e+03 1.646867983992635065e-01 1.267462399659392069e+01
1.716170000000000073e+03 1.653425409369496113e-01 1.270156779990703555e+01
1.719680000000000064e+03 1.660106027678444063e-01 1.272840541668295522e+01
1.723180000000000064e+03 1.666911881446377919e-01 1.275513432783207612e+01
1.726690000000000055e+03 1.673845013200200016e-01 1.278175201426476981e+01
1.730190000000000055e+03 1.680907465466809914e-01 1.280825595689143270e+01
1.733700000000000045e+03 1.688101280773109947e-01 1.283464363662244345e+01
1.737200000000000045e+03 1.695428501645999952e-01 1.286091253436819670e+01
1.740710000000000036e+03 1.702891170612381988e-01 1.288706013103907644e+01
1.744210000000000036e+03 1.710491330199157001e-01 1.291308390754546842e+01
1.747720000000000027e+03 1.718231022933223995e-01 1.293898134479775663e+01
1.751220000000000027e+03 1.726112291341486971e-01 1.296474992370633217e+01
1.754730000000000018e+03 1.734137177950844932e-01 1.299038712518158079e+01
1.758230000000000018e+03 1.742307725288199938e-01 1.301589043013389002e+01
1.761740000000000009e+03 1.750625975880452934e-01 1.304125731947364741e+01
1.765240000000000009e+03 1.759093972254504035e-01 1.306648527411122984e+01
1.768750000000000000e+03 1.767713756937255021e-01 1.309157177495703550e+01
1.772259999999999991e+03 1.776487372455607117e-01 1.311651430292145193e+01
1.775759999999999991e+03 1.785416861336459882e-01 1.314131033891485600e+01
1.779269999999999982e+03 1.794504266106715928e-01 1.316595736384764059e+01
1.782769999999999982e+03 1.803751629293275927e-01 1.319045285863018790e+01
1.786279999999999973e+03 1.813160993423041101e-01 1.321479430417289080e+01
1.789779999999999973e+03 1.822734401022911011e-01 1.323897918138613150e+01
1.793289999999999964e+03 1.832473894619787991e-01 1.326300497118029753e+01
1.796789999999999964e+03 1.842381516740572989e-01 1.328686915446577643e+01
1.800299999999999955e+03 1.852459309912166951e-01 1.331056921215295574e+01
1.803799999999999955e+03 1.862709316661471104e-01 1.333410262515221945e+01
1.807309999999999945e+03 1.873133579515385005e-01 1.335746687437395686e+01
1.810809999999999945e+03 1.883734141000810991e-01 1.338065944072855373e+01
1.814319999999999936e+03 1.894513043644650008e-01 1.340367780512639229e+01
1.817819999999999936e+03 1.905472329973803003e-01 1.342651944847786716e+01
1.821329999999999927e+03 1.916614042515170924e-01 1.344918185169336056e+01
1.824829999999999927e+03 1.927940223795654995e-01 1.347166249568325824e+01
1.828339999999999918e+03 1.939452916342155886e-01 1.349395886135794953e+01
1.831839999999999918e+03 1.951154162681573989e-01 1.351606842962781840e+01
1.835349999999999909e+03 1.963046005340811917e-01 1.353798868140325240e+01
1.838849999999999909e+03 1.975130486846770062e-01 1.355971709759464439e+01
1.842359999999999900e+03 1.987409649726347982e-01 1.358125115911236946e+01
1.845859999999999900e+03 1.999885536506448014e-01 1.360258834686682405e+01
1.849369999999999891e+03 2.012560189713971937e-01 1.362372614176838859e+01
1.852869999999999891e+03 2.025435651875819865e-01 1.364466202472745238e+01
1.856380000000000109e+03 2.038513965518891913e-01 1.366539347665439941e+01
1.859890000000000100e+03 2.051797173170090971e-01 1.368591797845962432e+01
1.863390000000000100e+03 2.065287317356316044e-01 1.370623301105350400e+01
1.866900000000000091e+03 2.078986440604470021e-01 1.372633605534642953e+01
1.870400000000000091e+03 2.092896585441453017e-01 1.374622459224879201e+01
1.873910000000000082e+03 2.107019794394165979e-01 1.376589610267096830e+01
1.877410000000000082e+03 2.121358109989510132e-01 1.378534806752335129e+01
1.880920000000000073e+03 2.135913574754385869e-01 1.380457796771632850e+01
1.884420000000000073e+03 2.150688231215694968e-01 1.382358328416028392e+01
1.887930000000000064e+03 2.165684121900338932e-01 1.384236149776560154e+01
1.891430000000000064e+03 2.180903289335217876e-01 1.386091008944267600e+01
1.894940000000000055e+03 2.196347776047231914e-01 1.387922654010188594e+01
1.898440000000000055e+03 2.212019624563283104e-01 1.389730833065362248e+01
1.901950000000000045e+03 2.227920877410274059e-01 1.391515294200827135e+01
1.905450000000000045e+03 2.244053577115102949e-01 1.393275785507622189e+01
1.908960000000000036e+03 2.260419766204672942e-01 1.395012055076785629e+01
1.912460000000000036e+03 2.277021487205883876e-01 1.396723850999356031e+01
1.915970000000000027e+03 2.293860782645636975e-01 1.398410921366372861e+01
1.919470000000000027e+03 2.310939695050832909e-01 1.400073014268873628e+01
1.922980000000000018e+03 2.328260266948374013e-01 1.401709877797897619e+01
1.926480000000000018e+03 2.345824540865159014e-01 1.403321260044483765e+01
1.929990000000000009e+03 2.363634559328091911e-01 1.404906909099670465e+01
1.933490000000000009e+03 2.381692364864070877e-01 1.406466573054496472e+01
1.937000000000000000e+03 2.399999999999999911e-01 1.408000000000000007e+01
