155 0.095510386 0.15
160 0.09903925 0.155
165 0.098692838 0.16
170 0.100850207 0.165
175 0.1069563 0.17
180 0.099715746 0.175
185 0.108316112 0.18
190 0.106567769 0.185
195 0.111513266 0.19
200 0.110803374 0.195
205 0.111587326 0.2
210 0.11365555 0.205
215 0.115928445 0.21
220 0.116173424 0.215
225 0.119771906 0.22
230 0.124315543 0.225
235 0.129276519 0.23
240 0.133002743 0.235
245 0.139688588 0.24
250 0.141162655 0.245
255 0.148765766 0.25
260 0.150722638 0.255
265 0.161465056 0.26
270 0.164610587 0.265
275 0.172365826 0.27
280 0.178635303 0.275
285 0.18587018 0.28
290 0.188953314 0.285
295 0.197315218 0.29
300 0.204991638 0.295
305 0.210097266 0.3
310 0.218816718 0.305
315 0.224454799 0.31
320 0.237666454 0.315
325 0.24464928 0.32
330 0.251892832 0.325
335 0.259391824 0.33
340 0.267481852 0.335
345 0.275201252 0.34
350 0.28349792 0.345
355 0.291774119 0.35
360 0.300125667 0.355
365 0.308578012 0.36
370 0.317597538 0.365
375 0.32692637 0.37
380 0.335956002 0.375
385 0.345714203 0.38
390 0.354901676 0.385
395 0.364968364 0.39
400 0.375150842 0.395
405 0.385211589 0.4
410 0.396086448 0.405
415 0.40706511 0.41
420 0.417647849 0.415
425 0.429543735 0.42
430 0.440996226 0.425
435 0.452837879 0.43
440 0.464232752 0.435
445 0.477070026 0.44
450 0.489220122 0.445
455 0.501228231 0.45
460 0.514817248 0.455
465 0.528042125 0.46
470 0.53987657 0.465
475 0.554932886 0.47
480 0.568005038 0.475
485 0.582771419 0.48
490 0.596705366 0.485
495 0.610784373 0.49
500 0.625686295 0.495
505 0.640306464 0.5
510 0.655709839 0.505
515 0.672565753 0.51
520 0.688336416 0.515
525 0.704045108 0.52
530 0.720793584 0.525
535 0.737603948 0.53
540 0.75446839 0.535
545 0.772330366 0.54
550 0.789405353 0.545
555 0.808351698 0.55
560 0.829205097 0.555
565 0.848630853 0.56
570 0.867376853 0.565
575 0.887661988 0.57
580 0.908569739 0.575
585 0.928308533 0.58
590 0.948955518 0.585
595 0.9714896 0.59
600 0.992465612 0.595
605 1.016073317 0.6
610 1.038145667 0.605
615 1.062059906 0.61
620 1.088160063 0.615
625 1.112663572 0.62
630 1.136328574 0.625
635 1.165731637 0.63
640 1.190265203 0.635
645 1.218505245 0.64
650 1.246364405 0.645
655 1.275302761 0.65
660 1.304382818 0.655
665 1.333854457 0.66
670 1.365410391 0.665
675 1.395892303 0.67
680 1.426024482 0.675
685 1.457391234 0.68
690 1.493230683 0.685
695 1.5274935 0.69
700 1.559751729 0.695
705 1.596346402 0.7
710 1.631621525 0.705
715 1.669698976 0.71
720 1.706780893 0.715
725 1.745260386 0.72
730 1.786398844 0.725
735 1.827772224 0.73
740 1.872189153 0.735
745 1.916802427 0.74
750 1.958355454 0.745
755 2.005349601 0.75
760 2.054224115 0.755
765 2.09984451 0.76
770 2.144528834 0.765
775 2.189915668 0.77
780 2.231500036 0.775
785 2.275479945 0.78
790 2.314643646 0.785
795 2.350258044 0.79
800 2.373653298 0.795
805 2.399438967 0.8
810 2.409296598 0.805
815 2.414395973 0.81
820 2.410049326 0.815
825 2.399462094 0.82
830 2.375277499 0.825
835 2.342102357 0.83
840 2.301774531 0.835
845 2.257656113 0.84
850 2.204898553 0.845
855 2.148111401 0.85
860 2.092718783 0.855
865 2.03127715 0.86
870 1.973568962 0.865
875 1.915492386 0.87
880 1.854996083 0.875
885 1.802564727 0.88
890 1.750120449 0.885
895 1.694671727 0.89
900 1.64715608 0.895
905 1.602399525 0.9
910 1.557188172 0.905
915 1.516837858 0.91
920 1.483545494 0.915
925 1.447230511 0.92
930 1.415213787 0.925
935 1.385433286 0.93
940 1.355589911 0.935
945 1.325884954 0.94
950 1.302164463 0.945
955 1.280288795 0.95
960 1.25976713 0.955
965 1.23821822 0.96
970 1.218188621 0.965
975 1.201067407 0.97
980 1.182294465 0.975
985 1.167631515 0.98
990 1.153696234 0.985
995 1.140905235 0.99
1000 1.126639087 0.995
1005 1.114680776 1
1010 1.102964941 1.005
1015 1.09358083 1.01
1020 1.08727974 1.015
1025 1.081445553 1.02
1030 1.071397488 1.025
1035 1.061537336 1.03
1040 1.055494597 1.035
1045 1.051806876 1.04
1050 1.043454926 1.045
1055 1.036482441 1.05
1060 1.033133204 1.055
1065 1.02747793 1.06
1070 1.025591906 1.065
1075 1.024418445 1.07
1080 1.020244607 1.075
1085 1.015304156 1.08
1090 1.014378517 1.085
1095 1.011890304 1.09
1100 1.009905005 1.095
1105 1.008451539 1.1
1110 1.005344855 1.105
1115 1.00382405 1.11
1120 1.004294808 1.115
1125 1.003882164 1.12
1130 1.003972742 1.125
1135 1.00500573 1.13
1140 1.002828586 1.135
1145 1.003941179 1.14
1150 1.005317282 1.145
1155 1.003754384 1.15
1160 1.008818757 1.155
1165 1.007932489 1.16
1170 1.008357257 1.165
1175 1.012688334 1.17
1180 1.015213183 1.175
1185 1.014759181 1.18
1190 1.017683803 1.185
1195 1.01813905 1.19
1200 1.021736807 1.195
1205 1.022859293 1.2
1210 1.024257787 1.205
1215 1.026450838 1.21
1220 1.029738722 1.215
1225 1.035047848 1.22
1230 1.038667581 1.225
1235 1.039978895 1.23
1240 1.043389606 1.235
1245 1.046657092 1.24
1250 1.049913391 1.245
1255 1.051297547 1.25
1260 1.056495057 1.255
1265 1.057188404 1.26
1270 1.061492702 1.265
1275 1.066383574 1.27
1280 1.070500901 1.275
1285 1.073080696 1.28
1290 1.078091053 1.285
1295 1.081263285 1.29
1300 1.08667656 1.295
1305 1.090905752 1.3
1310 1.094227716 1.305
1315 1.097106966 1.31
1320 1.104427092 1.315
1325 1.108138114 1.32
1330 1.109282178 1.325
1335 1.112492808 1.33
1340 1.123987022 1.335
1345 1.129233973 1.34
1350 1.132981867 1.345
1355 1.135566133 1.35
1430 1.20897633 1.355
1435 1.215774284 1.43
1440 1.222359347 1.435
1445 1.225637477 1.44
1450 1.232348412 1.445
1455 1.235053048 1.45
1460 1.23989324 1.455
1465 1.245674136 1.46
1470 1.25590184 1.465
1475 1.252421713 1.47
1480 1.265153644 1.475
1485 1.264792932 1.48
1490 1.275023692 1.485
1495 1.277693673 1.49
1500 1.285699173 1.495
1505 1.290149697 1.5
1510 1.296809948 1.505
1515 1.304059962 1.51
1520 1.313924676 1.515
1525 1.31627889 1.52
1530 1.325289614 1.525
1535 1.332565366 1.53
1540 1.338103685 1.535
1545 1.342317392 1.54
1550 1.347399401 1.545
1555 1.354287918 1.55
1560 1.36162657 1.555
1565 1.367953829 1.56
1570 1.374881699 1.565
1575 1.374949427 1.57
1580 1.385662006 1.575
1585 1.390425967 1.58
1590 1.400170689 1.585
1595 1.39786136 1.59
1600 1.400984694 1.595
1605 1.402928097 1.6
1610 1.421414675 1.605
1615 1.424742484 1.61
1620 1.436002763 1.615
1625 1.439358574 1.62
1630 1.44609075 1.625
1635 1.447904247 1.63
1640 1.45643876 1.635
1645 1.458873135 1.64
1650 1.469917493 1.645
1655 1.478177828 1.65
1660 1.474977808 1.655
1665 1.477843053 1.66
1670 1.462292742 1.665
1675 1.425778483 1.67
1680 1.427335087 1.675
1685 1.454908413 1.68
1690 1.514176047 1.685
1695 1.555668449 1.69
1700 1.584018511 1.695
