300 2.1547665652 0.1752045524
306 2.1549572347 0.170581898
312 2.1561910241 0.1647199927
318 2.158446236 0.1574293616
324 2.16105938 0.1484981389
330 2.1643054689 0.1375222281
336 2.1685395052 0.1238291323
342 2.1739987384 0.1061094804
348 2.1803794427 0.0800043307
354 2.1762666056 0.0324261581
360 2.1300612654 0.0138854141
366 2.1047465101 0.0050074249
372 2.0821139538 0.0025541363
378 2.0641975774 0.0019054661
384 2.0491530197 0.001596998
390 2.0361178581 0.001387943
396 2.0241859642 0.0012327431
402 2.0133105611 0.0011152876
408 2.0032131534 0.0010272776
414 1.9937798214 0.0009626579
420 1.9849265006 0.0009168762
426 1.9768356742 0.0008863653
432 1.9685818404 0.0008687148
438 1.9609022467 0.0008612975
444 1.9536773514 0.0008628161
450 1.9466138366 0.0008717527
456 1.9399189427 0.0008872885
462 1.9334766604 0.0009084247
468 1.927221267 0.0009346366
474 1.9210900671 0.0009655053
480 1.9151834678 0.0010005121
486 1.9095279854 0.0010393337
492 1.9039133187 0.001081845
498 1.8985088113 0.0011277649
504 1.8932200385 0.0011769998
510 1.8882038097 0.0012293377
516 1.883039348 0.0012849686
522 1.8779886375 0.0013436732
528 1.8730846934 0.0014054004
534 1.8682941194 0.0014701624
540 1.8636177184 0.0015379268
546 1.8588969315 0.0016088391
552 1.8543688708 0.0016827417
558 1.8498678906 0.0017597797
564 1.8454900418 0.0018399063
570 1.8411609235 0.0019232387
576 1.8366924803 0.0020100219
582 1.8324159993 0.002099967
588 1.8281624518 0.0021933073
594 1.8239261251 0.0022901209
600 1.8198400118 0.0023903076
606 1.8157046877 0.0024941797
612 1.8115410595 0.0026018087
618 1.8075202228 0.0027130204
624 1.8035076766 0.0028280808
630 1.7994856648 0.0029471068
636 1.7957155051 0.0030697516
642 1.7917462135 0.0031968478
648 1.78753864 0.0033286113
654 1.7835065266 0.0034643913
660 1.779506638 0.0036045407
666 1.7755495327 0.0037491281
672 1.7715617803 0.0038984123
678 1.7677044605 0.004052136
684 1.7637816066 0.0042108378
690 1.7598266178 0.0043745642
696 1.7558734096 0.0045433504
702 1.7519965729 0.0047171093
708 1.7480905649 0.004896229
714 1.7441861303 0.005080747
720 1.7402847596 0.0052707826
726 1.7364782449 0.0054661676
732 1.732595282 0.0056675534
738 1.7286315249 0.0058751089
744 1.7245962594 0.0060889622
750 1.7207043607 0.0063084868
756 1.7167630956 0.0065344912
762 1.7128231083 0.0067669361
768 1.7088557338 0.0070060734
774 1.7048780944 0.0072519837
780 1.7009874066 0.0075043915
786 1.6970124843 0.0077641793
792 1.6930209782 0.0080312171
798 1.6889777602 0.0083058455
804 1.6849118356 0.0085880874
810 1.6809337097 0.0088775368
816 1.6768875123 0.00917515
822 1.6728380697 0.0094807631
828 1.6687796219 0.0097945753
834 1.6646542436 0.010117118
840 1.660624813 0.0104475684
846 1.65659204 0.0107866894
852 1.6524922323 0.0111350934
858 1.6482862272 0.0114932743
864 1.6440216088 0.0118611454
870 1.6396971456 0.0122389533
876 1.6354707798 0.0126257119
882 1.6312325165 0.013022415
888 1.6269334729 0.0134296741
894 1.6226351174 0.0138472129
900 1.6183214126 0.0142753754
