200.0000 1.960208 0.693180
205.0000 1.992955 0.690679
210.0000 2.025001 0.686046
215.0000 2.056203 0.679377
220.0000 2.086434 0.670778
225.0000 2.115576 0.660357
230.0000 2.143524 0.648232
235.0000 2.170185 0.634522
240.0000 2.195479 0.619350
245.0000 2.219335 0.602843
250.0000 2.241695 0.585126
255.0000 2.262510 0.566328
260.0000 2.281745 0.546577
265.0000 2.299371 0.525999
270.0000 2.315373 0.504719
275.0000 2.329741 0.482861
280.0000 2.342477 0.460544
285.0000 2.353589 0.437884
290.0000 2.363092 0.414994
295.0000 2.371010 0.391984
300.0000 2.377372 0.368957
305.0000 2.382212 0.346012
310.0000 2.385570 0.323245
315.0000 2.387491 0.300745
320.0000 2.388023 0.278597
325.0000 2.387217 0.256883
330.0000 2.385129 0.235677
335.0000 2.381816 0.215051
340.0000 2.377340 0.195071
345.0000 2.371762 0.175801
350.0000 2.365147 0.157298
355.0000 2.357562 0.139618
360.0000 2.349076 0.122812
365.0000 2.339760 0.106929
370.0000 2.329686 0.092012
375.0000 2.318930 0.078105
380.0000 2.307571 0.065248
385.0000 2.295689 0.053477
390.0000 2.283372 0.042829
395.0000 2.270710 0.033336
400.0000 2.257802 0.025028
405.0000 2.244755 0.017937
410.0000 2.231688 0.012088
415.0000 2.218741 0.007507
420.0000 2.206078 0.004217
425.0000 2.193922 0.002238
430.0000 2.182639 0.001586
435.0000 2.172888 0.001648
440.0000 2.164143 0.001712
445.0000 2.156095 0.001778
450.0000 2.148595 0.001845
455.0000 2.141548 0.001914
460.0000 2.134886 0.001983
465.0000 2.128557 0.002055
470.0000 2.122520 0.002128
475.0000 2.116741 0.002202
480.0000 2.111193 0.002279
485.0000 2.105851 0.002356
490.0000 2.100697 0.002436
495.0000 2.095711 0.002517
500.0000 2.090879 0.002600
505.0000 2.086187 0.002685
510.0000 2.081624 0.002772
515.0000 2.077179 0.002860
520.0000 2.072842 0.002950
525.0000 2.068604 0.003042
530.0000 2.064459 0.003136
535.0000 2.060398 0.003232
540.0000 2.056417 0.003330
545.0000 2.052507 0.003430
550.0000 2.048665 0.003531
555.0000 2.044885 0.003635
560.0000 2.041162 0.003741
565.0000 2.037493 0.003849
570.0000 2.033874 0.003959
575.0000 2.030301 0.004071
580.0000 2.026769 0.004186
585.0000 2.023278 0.004302
590.0000 2.019822 0.004421
595.0000 2.016401 0.004542
600.0000 2.013011 0.004665
605.0000 2.009649 0.004790
610.0000 2.006314 0.004918
615.0000 2.003003 0.005048
620.0000 1.999714 0.005181
625.0000 1.996446 0.005316
630.0000 1.993197 0.005453
635.0000 1.989964 0.005593
640.0000 1.986748 0.005735
645.0000 1.983545 0.005880
650.0000 1.980354 0.006027
655.0000 1.977175 0.006177
660.0000 1.974006 0.006329
665.0000 1.970845 0.006484
670.0000 1.967692 0.006642
675.0000 1.964545 0.006803
680.0000 1.961404 0.006966
685.0000 1.958267 0.007132
690.0000 1.955133 0.007301
695.0000 1.952002 0.007472
700.0000 1.948873 0.007647
705.0000 1.945744 0.007824
710.0000 1.942615 0.008004
715.0000 1.939486 0.008188
720.0000 1.936355 0.008374
725.0000 1.933221 0.008563
730.0000 1.930085 0.008755
735.0000 1.926945 0.008951
740.0000 1.923801 0.009149
745.0000 1.920653 0.009351
750.0000 1.917498 0.009556
755.0000 1.914338 0.009764
760.0000 1.911171 0.009975
765.0000 1.907998 0.010190
770.0000 1.904816 0.010408
775.0000 1.901627 0.010630
780.0000 1.898429 0.010855
785.0000 1.895222 0.011083
790.0000 1.892006 0.011315
795.0000 1.888780 0.011551
800.0000 1.885543 0.011790
805.0000 1.882296 0.012032
810.0000 1.879038 0.012279
815.0000 1.875768 0.012529
820.0000 1.872487 0.012783
825.0000 1.869193 0.013041
830.0000 1.865886 0.013302
835.0000 1.862567 0.013568
840.0000 1.859234 0.013837
845.0000 1.855888 0.014111
850.0000 1.852527 0.014388
855.0000 1.849153 0.014670
860.0000 1.845763 0.014955
865.0000 1.842359 0.015245
870.0000 1.838940 0.015539
875.0000 1.835505 0.015838
880.0000 1.832054 0.016140
885.0000 1.828587 0.016448
890.0000 1.825104 0.016759
895.0000 1.821604 0.017075
900.0000 1.818087 0.017396
