300.01 1.980725 0.559247
302.417 1.9708177526817594 0.5664747942491037
304.824 1.9614590564780026 0.5752352857451226
307.232 1.9528355446426655 0.5855392911960433
309.639 1.945150035250595 0.5973726676557586
312.047 1.9386164560102226 0.6106913527440663
314.454 1.9334576119196472 0.62541135890143
316.862 1.9298970108331344 0.6414122197143626
319.269 1.9281465435015859 0.6585294166174571
321.677 1.9284031279670357 0.6765545741621541
324.084 1.9308341377180982 0.695241510994026
326.491 1.935569218605508 0.7143028948825657
328.899 1.9426909800112278 0.7334272301378576
331.306 1.9522298885149931 0.7522837653061223
333.714 1.9641571084857177 0.7705322833624065
336.121 1.9783862167700301 0.7878401899362089
338.529 1.9947740749911078 0.8038935944630451
340.936 2.013125673228322 0.818404278868346
343.343 2.0332020094171157 0.8311243775917925
345.751 2.0547308265705744 0.8418537400073383
348.158 2.0774125131871153 0.8504388249045326
350.566 2.1009381607498407 0.8567823012006237
352.973 2.1249913882594678 0.8608379895354952
355.381 2.149266149483229 0.8626108565090793
357.788 2.1734684587656923 0.8621501903695488
360.196 2.197330153656816 0.8595472172593274
362.603 2.220606202914835 0.8549264423523327
365.01 2.2430876389070944 0.8484402495289314
367.418 2.2645960625169574 0.8402595646445982
369.825 2.284987903751422 0.8305702635389354
372.233 2.304152975027907 0.8195627322712756
374.64 2.322011239948806 0.8074305512941126
377.048 2.3385144031698863 0.7943618132817367
379.455 2.3536397036291317 0.7805395622837826
381.862 2.3673851278171534 0.7661356031796782
384.27 2.379769887823707 0.75130719200446
386.677 2.390829388974741 0.7362018865862456
389.085 2.4006104866806712 0.7209479592656199
391.492 2.409169369356698 0.7056625353746799
393.9 2.4165722179841724 0.6904467149403346
396.307 2.4228862369393744 0.6753880567280534
398.715 2.4281836221319337 0.6605607974216976
401.122 2.432537598707743 0.6460269689574591
403.529 2.43601909626441 0.6318389044982182
405.937 2.4386996876476617 0.6180373978084899
408.344 2.4406473877664534 0.6046547961649055
410.752 2.441929191760118 0.5917163288241476
413.159 2.442607066209526 0.579240239933067
415.567 2.442740973099684 0.5672392923365359
417.974 2.4423845883631805 0.5557219127545524
420.381 2.441592460292592 0.5446895867404928
422.789 2.440411909373086 0.5341442693027063
425.196 2.438887429809876 0.5240830975825341
427.604 2.4370606335981604 0.5145005650165366
430.011 2.4349705314309724 0.5053897772648924
432.419 2.4326534098050403 0.4967420478806178
434.826 2.4301399393498517 0.488548883801862
437.234 2.427461312615471 0.48079978943518986
439.641 2.424645598815397 0.47348266721188664
442.048 2.4217172210907885 0.4665870360517914
444.456 2.4187015979985964 0.46010069094867095
446.863 2.41561813100707 0.45401293650858365
449.271 2.4124884464158813 0.4483097548937456
451.678 2.4093316300860725 0.4429804010723231
454.086 2.4061642632809592 0.4380127500501464
456.493 2.403001976456452 0.4333946984849944
458.9 2.399860183513436 0.42911418731888457
461.308 2.396754630476398 0.4251604861047696
463.715 2.393695558235413 0.421521689678175
466.123 2.3906976216994735 0.4181846680147448
468.53 2.3877719642109407 0.41514062536271223
470.938 2.384928780309633 0.4123760100813237
473.345 2.3821800951593084 0.4098810148846241
475.753 2.379534256284748 0.40764277694139917
478.16 2.377001286905449 0.40565243767392345
480.567 2.3745909682176745 0.4038962958047523
482.975 2.372309743142874 0.40236370627102674
485.382 2.3701673073238196 0.4010443506505456
487.79 2.368170240549585 0.39992546675173546
490.197 2.3663252226573013 0.3989963180618601
492.605 2.364639418372665 0.3982444338297887
495.012 2.3631186838491995 0.3976586642405829
497.419 2.3617686844067083 0.3972271713906043
499.827 2.360594290389354 0.3969367621479681
502.234 2.3596000449653456 0.39677620693356924
504.642 2.3587901994977 0.3967326766262186
507.049 2.358168347705835 0.396793857575466
509.457 2.3577369679235383 0.39694644014999175
511.864 2.357498178492121 0.3971794839955456
514.272 2.3574548482506827 0.39747848824244475
516.679 2.3576052942712824 0.39783115033295197
519.086 2.357952912091054 0.3982249156273433
521.494 2.3584948965523127 0.3986465141061607
523.901 2.359232281911708 0.3990834378871891
526.309 2.3601618355657883 0.3995235223582855
528.716 2.3612803796795294 0.3999531870562424
531.124 2.362587487042153 0.4003615181461294
533.531 2.364076052458832 0.4007356749364875
535.938 2.3657438182644652 0.4010634480402894
538.346 2.3675840887078135 0.40133409484288873
540.753 2.369591408535824 0.40153718926189774
543.161 2.371759349465764 0.4016602497070639
545.568 2.3740795834498885 0.4016947769229638
547.976 2.3765455844829564 0.4016310687073415
550.383 2.379148721880073 0.40145947919257713
552.791 2.3818799461294407 0.4011730035258293
555.198 2.3847288684239865 0.40076163383127156
557.605 2.3876866736424076 0.40021989463505536
560.013 2.390743794874597 0.39954248135076925
562.42 2.3938887260740698 0.39872067673389366
564.828 2.3971102612889212 0.39775288837871753
567.235 2.400398886964624 0.3966336657353761
569.643 2.4037418107590374 0.3953593449117371
572.05 2.4071285807892813 0.39392784840542716
574.457 2.410549351666528 0.39233785088542145
576.865 2.4139905918763014 0.390588333898856
579.272 2.4174424033717354 0.38867859846967345
581.68 2.4208930212296482 0.38660909531821014
584.087 2.4243326679277666 0.3843822583528201
586.495 2.4277503482500453 0.38199933932859803
588.902 2.431134850829396 0.37946369790959567
591.31 2.434477294240728 0.37677767038066245
593.717 2.437766727540354 0.37394659218564236
596.124 2.440995774315124 0.37097329672553925
598.532 2.444153496870672 0.36786571709055293
600.939 2.4472337362801087 0.36462643285277985
603.347 2.4502262874559007 0.3612634513890963
605.754 2.4531267016371556 0.3577838694320018
608.162 2.4559254308327234 0.35419278630022205
610.569 2.4586169826610136 0.35049869550818114
612.976 2.461197189173238 0.3467097929609476
615.384 2.4636593118274517 0.34283200836693206
617.791 2.4659997452196936 0.33887601089671354
620.199 2.468213446346343 0.33484784629954273
622.606 2.4702988479254637 0.3307578426052007
625.014 2.472250826285692 0.3266132006843957
627.421 2.4740686224032684 0.3224223662563743
629.829 2.475750476780254 0.31819589592092695
632.236 2.477294412762581 0.3139409413991704
634.643 2.4787017226024592 0.3096663099237974
637.051 2.479969833841621 0.30538053718859465
639.458 2.4811004789714364 0.30109333842397057
641.866 2.4820944300163097 0.296812331690174
644.273 2.482952935132702 0.29254566714170516
646.681 2.48367814517512 0.2883026507591764
649.088 2.4842715708004133 0.2840902671924241
651.495 2.48473736248631 0.2799167734630554
653.903 2.485077502159473 0.27579101718068844
656.31 2.4852957329801972 0.2717206649051551
658.718 2.4853963548951286 0.267712318289647
661.125 2.4853831898748866 0.2637743801365565
663.533 2.4852624913809125 0.2599128314837368
665.94 2.485037059924346 0.25613704749966193
668.348 2.4847152288212353 0.252452592871489
670.755 2.4843007085021336 0.2488664785192064
673.162 2.483800257539864 0.2453857701570249
675.57 2.4832223622915737 0.24201873356684747
677.977 2.482573939581401 0.23876962726012316
680.385 2.4818620377637073 0.2356468537951476
682.792 2.481095698867473 0.23265688310974927
685.2 2.480283833062521 0.22980663462941195
687.607 2.4794383516430747 0.22710204261457304
690.014 2.478568096659349 0.22454969817041678
692.422 2.4776852907922775 0.22215642941769947
694.829 2.4768049885910943 0.21992915419890535
697.237 2.4759397731460773 0.21787421328457324
699.644 2.4751063703581067 0.21599891272334737
702.052 2.474322982842039 0.21430743218117979
704.459 2.473608824058334 0.21280659843082742
706.867 2.472988954158964 0.21150141567671996
709.274 2.4724868242623783 0.21039566762734832
711.681 2.4721336994343375 0.20949303794694124
714.089 2.4719611275324502 0.2087933066011287
716.496 2.472008634525133 0.2082955012217619
718.904 2.4723176708619055 0.20799259626669173
721.311 2.4729378768066423 0.20787296906153496
723.719 2.473925808724971 0.20791903117449562
726.126 2.4753423521857654 0.20809973209028557
728.533 2.47725381467919 0.20837415359106812
730.941 2.4797337881095998 0.20868107226936705
733.348 2.4828564021522674 0.20893813044705356
735.756 2.486692386897043 0.20903354292286438
738.163 2.491303032590326 0.20882488127945273
740.571 2.4967279174147583 0.20812835091312676
742.978 2.5029677554772474 0.20672557252073112
745.386 2.509964302872162 0.20435958965008214
747.793 2.517581141339383 0.20075796919137803
750.2 2.525576816728934 0.19565399937526193
752.608 2.533603949241257 0.18883319580079716
755.015 2.541210951895036 0.18018030446083735
757.423 2.547884597691204 0.16973504238084705
759.83 2.553116093380549 0.1577204832578231
762.238 2.5564809907031756 0.14453901975437813
764.645 2.5577163589420993 0.13072729644479283
767.052 2.556762255298901 0.11687303010389943
769.46 2.55375744486647 0.10352834090766685
771.867 2.5489976768888267 0.09113293111158155
774.275 2.5428643910511823 0.07998278966574875
776.682 2.53576241592641 0.0702237754356565
779.09 2.5280682991617507 0.061879646671199384
781.497 2.520099573491442 0.05488085006690682
783.905 2.512103483882909 0.049105568628775395
786.312 2.5042634647991235 0.04440840356174226
788.719 2.4967057047409686 0.04063498299775793
791.127 2.4895118243882246 0.03764003023787243
793.534 2.482730662906937 0.03529238656558566
795.942 2.4763930866954396 0.03347980862437001
798.349 2.470519765273643 0.03210182808651533
800.757 2.4651733198684593 0.031065206271481873
803.164 2.4603355344466467 0.030124522254961893
805.571 2.455833675983576 0.029217231153578008
807.979 2.4515937722356123 0.02834494241046609
810.386 2.4475729443519567 0.02750470776400585
812.794 2.4437376930977392 0.02669866083436127
815.201 2.4400648298870893 0.025924506592763387
817.609 2.4365355970959945 0.02518214276935739
820.016 2.433135509895307 0.024470652563808346
822.424 2.429851957581128 0.023789389563848767
824.831 2.4266746605558627 0.023136763021168655
827.238 2.423594906268277 0.02251320210937272
829.646 2.4206069552479925 0.021916890942466082
832.053 2.4177024042641992 0.02134728522632764
834.461 2.4148776406964103 0.020803568033612208
836.868 2.4121255498225413 0.02028536733275365
839.276 2.4094444273368545 0.01979133730378819
841.683 2.406828960968107 0.01932026478839879
844.09 2.404275585823775 0.01887301851499353
846.498 2.401782236124469 0.0184464586564958
848.905 2.3993458985750307 0.01804165251026177
851.313 2.3969629485592145 0.017657158070044848
853.72 2.3946332907817722 0.017293537054232644
856.128 2.3923535793019606 0.016947668562649912
858.535 2.3901210814669893 0.016621330907113145
860.943 2.3879355373182847 0.01631158612385499
863.35 2.385793958248165 0.016019695175895705
865.757 2.3836963085027203 0.015744489730961722
868.165 2.3816404800775035 0.01548425396927897
870.572 2.3796233660478303 0.015240056638764893
872.98 2.377647019907715 0.015010998221532089
875.387 2.3757080307430574 0.014795313644025532
877.795 2.373806182659699 0.014593634175730105
880.202 2.371939519052152 0.01440491219586091
882.609 2.370107656148648 0.014229017594837048
885.017 2.3683101415727514 0.014065142625711055
887.424 2.366545010956131 0.013912932878998991
889.832 2.3648117497601246 0.013771753455700145
892.239 2.3631099659531833 0.01364129070015072
894.647 2.361438711130082 0.01352108228862279
897.054 2.3597961971896964 0.01341063894491777
899.462 2.358183898416362 0.013310591600350375
901.869 2.356598953816073 0.013219023398126629
904.276 2.355042154613724 0.013136152366078343
906.684 2.353511906992357 0.013061645939056414
909.091 2.3520079404292997 0.01299507354096346
911.499 2.350529373130005 0.012936111931931163
913.906 2.349076280928488 0.01288416696700723
916.314 2.347648040915999 0.012839623907808576
918.721 2.3462427933706715 0.012802251079622282
921.128 2.3448625431067898 0.012770264849266749
923.536 2.343504376923559 0.012745283388925836
925.943 2.342167881841403 0.01272536896875616
928.351 2.3408546950709357 0.012711223155694744
930.758 2.339561774594535 0.012703245023977237
933.166 2.338290825609081 0.012699866000933013
935.573 2.3370399703191986 0.012701147412334215
937.981 2.3358103592024078 0.012706970824392847
940.388 2.3345988616991704 0.01271691203849684
942.795 2.3334082231402418 0.012731223489492908
945.203 2.3322356871872856 0.012749633784803911
947.61 2.3310824564919024 0.012772500607247255
950.018 2.329946399713075 0.012797798711301616
952.425 2.328828706213883 0.012826963174995609
954.833 2.3277284713170796 0.012859663445450108
957.24 2.3266449650578416 0.012894510408138658
959.647 2.3255789228964603 0.01293303926297556
962.055 2.3245292094560908 0.012973707035125431
964.462 2.3234946765552373 0.013017864482669835
966.87 2.3224775829385966 0.013063258342303046
969.277 2.3214744529170055 0.013112076298475012
971.685 2.320487617903348 0.013162359347001032
974.092 2.3195144170498825 0.013214640820041578
976.5 2.318557292505769 0.013269124647146762
978.907 2.3176132499279793 0.01332464011707457
981.314 2.316683923987955 0.013383107334952855
983.722 2.315768082461971 0.013441780624754844
986.129 2.3148656653475133 0.013503299901226264
988.537 2.313977079067757 0.013564925912801276
990.944 2.313101340908129 0.01362784151867122
993.352 2.312237784566228 0.013692590657616216
995.759 2.311387008192626 0.0137586101512437
998.166 2.310548865446289 0.013824987419380347
1000.57 2.309723616500532 0.013892962401805797
1002.98 2.3089094672039487 0.013961284075371488
1005.39 2.308106417294305 0.014030038134261165
1007.8 2.3073145023191546 0.014099337023290007
1010.2 2.3065337578260525 0.014169293187273214
1012.61 2.3057642188533514 0.014240018517901895
1015.02 2.305005652356405 0.01431133369840798
1017.43 2.304257254058949 0.014382456102319028
1019.83 2.3035195204925634 0.014454195090391891
1022.24 2.3027926767920914 0.014527035352605347
1024.65 2.302075094066567 0.014599229603192904
1027.06 2.3013670714359558 0.01467142239673739
1029.46 2.300669030598846 0.014744312323224752
1031.87 2.2999803555843688 0.01481715615691536
1034.28 2.2993011115277913 0.014889962663543962
1036.69 2.2986312387647874 0.01496281975627366
1039.09 2.2979702981203545 0.015035673497204876
1041.5 2.2973178980736537 0.015108666817661574
1043.91 2.296673929530754 0.015181439551336122
1046.32 2.2960384871695227 0.015253653310772749
1048.72 2.295411625698112 0.015325974733690767
1051.13 2.294793114361901 0.015398042325944104
1053.54 2.2941825084841097 0.015469588461174829
1055.94 2.29357939303182 0.015541406938211438
1058.35 2.2929841769688193 0.015612403451613143
1060.76 2.292397055246707 0.015682572509871272
1063.17 2.2918175313071143 0.015753613037176206
1065.57 2.2912451713354307 0.015824068014269305
1067.98 2.290679950442423 0.015893407238435065
1070.39 2.290121925653814 0.015962437396153165
1072.8 2.2895704363129448 0.016030891948800356
1075.2 2.2890258787705013 0.01609917932655766
1077.61 2.2884885596878033 0.016167555351545654
1080.02 2.2879572246878164 0.01623490452999843
1082.43 2.2874327293166683 0.016301460934082575
1084.83 2.2869154035177326 0.016367688596002912
1087.24 2.2864036194274533 0.01643340514843785
1089.65 2.28589774827564 0.016498739806788638
1092.06 2.2853982873242042 0.01656345418820756
1094.46 2.2849050519330203 0.0166271007669765
1096.87 2.2844175813794037 0.01669018913042216
1099.28 2.283935848122036 0.01675287988113822
1101.69 2.2834598869312295 0.016815068018956845
1104.09 2.2829891537273075 0.01687689628864951
1106.5 2.282523813183906 0.01693789724698209
1108.91 2.2820643960536064 0.016997915783513524
1111.32 2.2816110326994803 0.017057583633138043
1113.72 2.2811620688944476 0.017116412209049837
1116.13 2.2807176200964876 0.017174267826841876
1118.54 2.2802793589098207 0.017231713656444502
1120.95 2.27984553651651 0.01728882203733786
1123.35 2.2794161513351128 0.017345189300379062
1125.76 2.2789923306949693 0.01740051080725198
1128.17 2.27857342298405 0.017455299422145232
1130.58 2.27815898114969 0.01750977345256307
1132.98 2.2777488143765594 0.01756366569512573
1135.39 2.2773428884956264 0.01761647095385672
1137.8 2.2769418358198106 0.017668679665931768
1140.21 2.2765454153269906 0.01772041661624429
1142.61 2.276152657984618 0.017771126128092726
1145.02 2.2757641060263865 0.017820608226913625
1147.43 2.275380100675369 0.01786963784846523
1149.84 2.2750003973001682 0.01791883170018449
1152.24 2.2746244557575617 0.017967106485400234
1154.65 2.2742527439164855 0.018014199086011953
1157.06 2.273885389514251 0.018060432021580322
1159.46 2.2735213900744378 0.018106183112150318
1161.87 2.2731604839256674 0.018151592701344556
1164.28 2.2728033613828447 0.018196315824123833
1166.69 2.2724508056681354 0.018239949711151948
1169.09 2.272101789351536 0.01828312902096059
1171.5 2.271756026922286 0.0183256441138843
1173.91 2.271413711912518 0.018367077582441747
1176.32 2.271074627955215 0.01840798989098293
1178.72 2.2707395294792776 0.01844858982636566
1181.13 2.270408107987059 0.018488556634072617
1183.54 2.2700787499924693 0.018527407458781602
1185.95 2.2697530141837134 0.01856578463657775
1188.35 2.2694311984536033 0.018603487547175092
1190.76 2.2691120799895694 0.018640040270308814
1193.17 2.2687957110264154 0.018676847676480514
1195.58 2.268482727552352 0.018712860436852476
1197.98 2.268173123533233 0.018747200227645547
1200.39 2.2678657398207913 0.01878177842687835
1202.8 2.267561521876119 0.018815810282958003
1205.21 2.267260703480398 0.018848685016853883
1207.61 2.2669621421636523 0.018881154990202112
1210.02 2.266666339204111 0.01891329000091624
1212.43 2.2663736422443397 0.01894465450870825
1214.84 2.2660838567516777 0.018974956317557422
1217.24 2.265796566155381 0.01900474985382343
1219.65 2.2655115823613623 0.01903409781353118
1222.06 2.265229129896345 0.019062945715081776
1224.47 2.2649497050786653 0.019091387777654165
1226.87 2.2646730566533155 0.019118887884975656
1229.28 2.2643985118794006 0.0191454524523261
1231.69 2.264125781612059 0.019171613927792132
1234.1 2.2638560918085977 0.019197309864457484
1236.5 2.2635889956854265 0.019222459420207436
1238.91 2.2633236543875928 0.019247134868346446
1241.32 2.2630607546690635 0.019271450608468087
1243.73 2.2628005144840593 0.01929474141033026
1246.13 2.262542552006613 0.01931721522378435
1248.54 2.2622864179386935 0.019339936185154262
1250.95 2.2620328913052594 0.01936180186940428
1253.35 2.2617813603768844 0.01938268605441469
1255.76 2.2615311186200717 0.01940321217475017
1258.17 2.2612840313271834 0.01942307493868289
1260.58 2.261039245701873 0.019442968241836295
1262.98 2.260795628731812 0.01946271074390543
1265.39 2.260553942668369 0.019480617793533397
1267.8 2.260314864687097 0.01949810551729804
1270.21 2.2600779762050767 0.019515771694032978
1272.61 2.2598423841074466 0.019532792159824605
1275.02 2.2596086421028128 0.019549287183383876
1277.43 2.2593770993004196 0.019565320133291285
1279.84 2.259147448207374 0.019580840939808886
1282.24 2.2589190318058505 0.019595863893687754
1284.65 2.2586929961856046 0.019610390196765973
1287.06 2.2584692475766532 0.019624416688789087
1289.47 2.258246184495264 0.01963794379562538
1291.87 2.258024837301532 0.019650970853328138
1294.28 2.257805752374576 0.019663500146616907
1296.69 2.2575885855651405 0.01967552934317763
1299.1 2.2573729053607168 0.019687048372405414
1301.5 2.2571586874808536 0.019698102135766577
1303.91 2.2569459529020275 0.019708619431608853
1306.32 2.2567346452722554 0.01971852995301121
1308.73 2.256525252618346 0.019728564569025157
1311.13 2.2563178351597277 0.019738232858238232
1313.54 2.256111841484652 0.019746681616658924
1315.95 2.2559066272361608 0.019755257990914644
1318.36 2.2557030654336043 0.01976335792836065
1320.76 2.255501557156277 0.019770304206603147
1323.17 2.255300783290917 0.01977727058271367
1325.58 2.2551017938483717 0.019784572441649734
1327.99 2.254904734775214 0.01979145282422157
1330.39 2.2547084573523373 0.019797114425217744
1332.8 2.2545135352099512 0.019802844339233124
1335.21 2.254320302224708 0.01980819110805303
1337.62 2.2541284993894055 0.01981234614241967
1340.02 2.2539376212729043 0.019816462568198568
1342.43 2.2537479933510696 0.01982091427595528
1344.84 2.2535599910827555 0.019825037544809958
1347.24 2.2533735253517895 0.019827942256787738
1349.65 2.253188161345854 0.019830701753931083
1352.06 2.253003684583877 0.0198334770857751
1354.47 2.252820233074897 0.019835612615683312
1356.87 2.252638209911128 0.019837130062050044
1359.28 2.2524579181310638 0.019838533679414003
1361.69 2.2522789235885536 0.01983994181969957
1364.1 2.252100235722391 0.01984079106509657
1366.5 2.251922684883614 0.019841130469101853
1368.91 2.251746961528101 0.019840937620379005
1371.32 2.251572743957755 0.01984021034722616
1373.73 2.251398859586552 0.019839561177950944
1376.13 2.251226042599872 0.01983864058341916
1378.54 2.251054831894672 0.0198371619010881
1380.95 2.250883889624026 0.01983578229926948
1383.36 2.2507141290712394 0.019834137578896523
1385.76 2.25054598020387 0.01983182720746857
1388.17 2.2503787123055243 0.019828989148696016
1390.58 2.2502124262723555 0.01982621203073005
1392.99 2.2500471796940626 0.01982320470931486
1395.39 2.2498829242568723 0.019819614790234592
1397.8 2.249719692019803 0.019816104333600804
1400.21 2.249557431111732 0.019812369800694042
1402.62 2.2493962171386177 0.019807976926621614
1405.02 2.249236105561791 0.01980303124056655
1407.43 2.2490763577382675 0.01979812244735694
1409.84 2.2489175248984896 0.019793026881463473
1412.25 2.2487603948698816 0.01978732669508888
1414.65 2.248603743492543 0.019781717210979276
1417.06 2.24844770948369 0.019775812607875712
1419.47 2.2482928582993185 0.01976936902336931
1421.88 2.248139081540218 0.019763031004446374
1424.28 2.2479858402224138 0.019756430630868727
1426.69 2.247833174291093 0.019749094569922455
1429.1 2.2476816083113316 0.01974122044762657
1431.51 2.2475311800931075 0.019734078357857718
1433.91 2.2473814251228386 0.01972669087485181
1436.32 2.2472321336088656 0.01971806805199807
1438.73 2.2470838710133303 0.01970947951824041
1441.13 2.246936734064622 0.019701127052794462
1443.54 2.2467904765674507 0.01969254088820068
1445.95 2.246644706480024 0.01968334956545008
1448.36 2.246499162961786 0.019674183699977428
1450.76 2.2463547769278986 0.019664841630107874
1453.17 2.2462120150864453 0.019654900082348114
1455.58 2.2460690725611085 0.019644935525053975
1457.99 2.245926667884675 0.019635112537978443
1460.39 2.245785433606819 0.019625175399137725
1462.8 2.245644569462506 0.01961470779780508
1465.21 2.2455045001406244 0.019603635179802355
1467.62 2.245365685711698 0.019592242690990393
1470.02 2.2452278800970036 0.019580922160956863
1472.43 2.2450899377984093 0.019569718477221706
1474.84 2.244952487775117 0.019558171332715563
1477.25 2.244816226999258 0.019546092289713577
1479.65 2.244680451957085 0.019534026764851234
1482.06 2.2445450217230345 0.019522124414288435
1484.47 2.2444103118113623 0.019510009825286213
1486.88 2.2442767046850607 0.01949728976782971
1489.28 2.244143716954916 0.01948460931952723
1491.69 2.2440110763390466 0.01947173387162665
1494.1 2.2438790132020263 0.0194582680897692
1496.51 2.2437480792268256 0.019444803901599868
1498.91 2.243617741372203 0.019431435061468803
1501.32 2.243487 0.019418
