4.000000000000000000e+02 2.442899999999999849e+00 3.947300000000000253e-01
4.010000000000000000e+02 2.441479199999999850e+00 3.927573300000000156e-01
4.020000000000000000e+02 2.440586300000000097e+00 3.906007699999999860e-01
4.030000000000000000e+02 2.442271199999999975e+00 3.875464200000000026e-01
4.040000000000000000e+02 2.444783999999999846e+00 3.827020800000000000e-01
4.050000000000000000e+02 2.448977499999999807e+00 3.742235999999999896e-01
4.060000000000000000e+02 2.450474999999999959e+00 3.623925000000000063e-01
4.070000000000000000e+02 2.448932399999999898e+00 3.467808000000000002e-01
4.080000000000000000e+02 2.442025399999999902e+00 3.331282999999999883e-01
4.090000000000000000e+02 2.431390500000000010e+00 3.208372999999999919e-01
4.100000000000000000e+02 2.420320499999999875e+00 3.132871700000000037e-01
4.110000000000000000e+02 2.409063800000000199e+00 3.077688499999999827e-01
4.120000000000000000e+02 2.399777400000000060e+00 3.045128300000000121e-01
4.130000000000000000e+02 2.391014300000000148e+00 3.018582000000000209e-01
4.140000000000000000e+02 2.383741099999999946e+00 2.998213499999999865e-01
4.150000000000000000e+02 2.376730999999999927e+00 2.978934999999999778e-01
4.160000000000000000e+02 2.370787899999999837e+00 2.960940000000000238e-01
4.170000000000000000e+02 2.364950200000000002e+00 2.943071999999999910e-01
4.180000000000000000e+02 2.359734800000000021e+00 2.925042199999999815e-01
4.190000000000000000e+02 2.354558700000000115e+00 2.907002000000000197e-01
4.200000000000000000e+02 2.349835000000000118e+00 2.888715000000000033e-01
4.210000000000000000e+02 2.345134999999999970e+00 2.870415000000000050e-01
4.220000000000000000e+02 2.340781699999999965e+00 2.852138000000000173e-01
4.230000000000000000e+02 2.336446800000000046e+00 2.833861999999999770e-01
4.240000000000000000e+02 2.332311900000000104e+00 2.815668599999999744e-01
4.250000000000000000e+02 2.328194100000000155e+00 2.797482299999999866e-01
4.260000000000000000e+02 2.324282399999999971e+00 2.779536799999999808e-01
4.270000000000000000e+02 2.320399000000000100e+00 2.761624200000000195e-01
4.280000000000000000e+02 2.316639700000000079e+00 2.744157999999999875e-01
4.290000000000000000e+02 2.312907699999999789e+00 2.726789399999999808e-01
4.300000000000000000e+02 2.309292800000000145e+00 2.709759500000000210e-01
4.310000000000000000e+02 2.305721500000000201e+00 2.692854700000000268e-01
4.320000000000000000e+02 2.302240799999999865e+00 2.676336799999999849e-01
4.330000000000000000e+02 2.298813599999999902e+00 2.660045600000000010e-01
4.340000000000000000e+02 2.295441199999999959e+00 2.644026300000000274e-01
4.350000000000000000e+02 2.292123300000000086e+00 2.628278399999999793e-01
4.360000000000000000e+02 2.288872000000000018e+00 2.612791700000000050e-01
4.370000000000000000e+02 2.285738199999999942e+00 2.597768599999999983e-01
4.380000000000000000e+02 2.282618799999999837e+00 2.582858499999999835e-01
4.390000000000000000e+02 2.279559400000000124e+00 2.568428999999999851e-01
4.400000000000000000e+02 2.276499999999999968e+00 2.554000000000000159e-01
4.410000000000000000e+02 2.273604199999999853e+00 2.540199200000000102e-01
4.420000000000000000e+02 2.270707999999999949e+00 2.526398300000000097e-01
4.430000000000000000e+02 2.267867999999999995e+00 2.513084700000000060e-01
4.440000000000000000e+02 2.265042999999999918e+00 2.499900899999999981e-01
4.450000000000000000e+02 2.262288600000000205e+00 2.487087500000000062e-01
4.460000000000000000e+02 2.259589399999999859e+00 2.474565499999999973e-01
4.470000000000000000e+02 2.256910599999999878e+00 2.462207800000000002e-01
4.480000000000000000e+02 2.254278999999999922e+00 2.450234099999999970e-01
4.490000000000000000e+02 2.251650300000000104e+00 2.438272999999999968e-01
4.500000000000000000e+02 2.249172199999999844e+00 2.426925199999999949e-01
4.510000000000000000e+02 2.246693800000000074e+00 2.415577299999999983e-01
4.520000000000000000e+02 2.244269599999999976e+00 2.404612899999999942e-01
4.530000000000000000e+02 2.241865999999999914e+00 2.393797500000000023e-01
4.540000000000000000e+02 2.239503899999999881e+00 2.383200400000000108e-01
4.550000000000000000e+02 2.237206000000000028e+00 2.372945099999999863e-01
4.560000000000000000e+02 2.234912200000000126e+00 2.362708400000000097e-01
4.570000000000000000e+02 2.232718199999999875e+00 2.352919400000000050e-01
4.580000000000000000e+02 2.230523999999999951e+00 2.343130400000000002e-01
4.590000000000000000e+02 2.228404299999999783e+00 2.333702400000000066e-01
4.600000000000000000e+02 2.226320700000000041e+00 2.324452499999999922e-01
4.610000000000000000e+02 2.224255600000000221e+00 2.315344500000000028e-01
4.620000000000000000e+02 2.222239000000000075e+00 2.306620199999999954e-01
4.630000000000000000e+02 2.220222699999999882e+00 2.297895799999999933e-01
4.640000000000000000e+02 2.218288700000000002e+00 2.289505699999999921e-01
4.650000000000000000e+02 2.216369999999999951e+00 2.281179100000000071e-01
4.660000000000000000e+02 2.214476599999999795e+00 2.273049199999999936e-01
4.670000000000000000e+02 2.212621700000000136e+00 2.265226499999999921e-01
4.680000000000000000e+02 2.210767000000000149e+00 2.257404000000000077e-01
4.690000000000000000e+02 2.209034700000000129e+00 2.249965999999999910e-01
4.700000000000000000e+02 2.207314699999999963e+00 2.242566000000000004e-01
4.710000000000000000e+02 2.205603099999999817e+00 2.235380299999999987e-01
4.720000000000000000e+02 2.203903700000000132e+00 2.228502800000000117e-01
4.730000000000000000e+02 2.202204000000000050e+00 2.221625299999999970e-01
4.740000000000000000e+02 2.200590599999999952e+00 2.215128100000000044e-01
4.750000000000000000e+02 2.198989200000000199e+00 2.208682700000000054e-01
4.760000000000000000e+02 2.197416299999999989e+00 2.202414699999999947e-01
4.770000000000000000e+02 2.195904699999999821e+00 2.196523200000000120e-01
4.780000000000000000e+02 2.194392999999999816e+00 2.190631799999999962e-01
4.790000000000000000e+02 2.192894200000000016e+00 2.185159000000000129e-01
4.800000000000000000e+02 2.191399999999999793e+00 2.179833399999999977e-01
4.810000000000000000e+02 2.189918500000000101e+00 2.174596599999999991e-01
4.820000000000000000e+02 2.188522299999999809e+00 2.169955100000000026e-01
4.830000000000000000e+02 2.187126000000000126e+00 2.165313500000000113e-01
4.840000000000000000e+02 2.185752900000000221e+00 2.161066199999999993e-01
4.850000000000000000e+02 2.184404600000000141e+00 2.157245999999999886e-01
4.860000000000000000e+02 2.183056000000000108e+00 2.153425800000000057e-01
4.870000000000000000e+02 2.181779999999999831e+00 2.150390000000000079e-01
4.880000000000000000e+02 2.180520800000000037e+00 2.147538200000000119e-01
4.890000000000000000e+02 2.179263000000000172e+00 2.144822799999999974e-01
4.900000000000000000e+02 2.178017599999999998e+00 2.143210899999999919e-01
4.910000000000000000e+02 2.176772000000000151e+00 2.141599200000000036e-01
4.920000000000000000e+02 2.175545699999999805e+00 2.140600000000000003e-01
4.930000000000000000e+02 2.174350000000000005e+00 2.140600000000000003e-01
4.940000000000000000e+02 2.173154400000000042e+00 2.140600000000000003e-01
4.950000000000000000e+02 2.172035699999999903e+00 2.141840000000000133e-01
4.960000000000000000e+02 2.170964199999999789e+00 2.143839999999999912e-01
4.970000000000000000e+02 2.169892799999999955e+00 2.145839999999999970e-01
4.980000000000000000e+02 2.168856599999999801e+00 2.150067400000000017e-01
4.990000000000000000e+02 2.167828300000000041e+00 2.154783799999999971e-01
5.000000000000000000e+02 2.166799999999999837e+00 2.159500000000000031e-01
5.010000000000000000e+02 2.165960800000000130e+00 2.167681800000000047e-01
5.020000000000000000e+02 2.165121800000000096e+00 2.175863700000000012e-01
5.030000000000000000e+02 2.164308000000000121e+00 2.184697200000000061e-01
5.040000000000000000e+02 2.163650500000000143e+00 2.197534600000000116e-01
5.050000000000000000e+02 2.162993199999999838e+00 2.210371999999999892e-01
5.060000000000000000e+02 2.162440000000000140e+00 2.224743200000000032e-01
5.070000000000000000e+02 2.162200499999999970e+00 2.243715799999999871e-01
5.080000000000000000e+02 2.161960600000000010e+00 2.262688399999999989e-01
5.090000000000000000e+02 2.161922699999999864e+00 2.284274299999999869e-01
5.100000000000000000e+02 2.162294099999999997e+00 2.311166199999999948e-01
5.110000000000000000e+02 2.162665800000000083e+00 2.338058000000000081e-01
5.120000000000000000e+02 2.163481700000000174e+00 2.368624400000000074e-01
5.130000000000000000e+02 2.165053599999999800e+00 2.405447199999999897e-01
5.140000000000000000e+02 2.166625499999999871e+00 2.442269900000000049e-01
5.150000000000000000e+02 2.168979600000000119e+00 2.483146800000000098e-01
5.160000000000000000e+02 2.172609800000000035e+00 2.530638599999999738e-01
5.170000000000000000e+02 2.176240200000000069e+00 2.578130399999999933e-01
5.180000000000000000e+02 2.181185000000000151e+00 2.627769699999999986e-01
5.190000000000000000e+02 2.188570499999999974e+00 2.681397200000000258e-01
5.200000000000000000e+02 2.195956199999999914e+00 2.735024400000000133e-01
5.210000000000000000e+02 2.205100999999999978e+00 2.783605499999999844e-01
5.220000000000000000e+02 2.218552600000000208e+00 2.819831400000000210e-01
5.230000000000000000e+02 2.232004199999999994e+00 2.856057000000000179e-01
5.240000000000000000e+02 2.246706000000000092e+00 2.876807699999999746e-01
5.250000000000000000e+02 2.266738000000000142e+00 2.831584799999999902e-01
5.260000000000000000e+02 2.286769599999999958e+00 2.786362000000000005e-01
5.270000000000000000e+02 2.306694300000000197e+00 2.733194800000000035e-01
5.280000000000000000e+02 2.324580699999999833e+00 2.529094000000000064e-01
5.290000000000000000e+02 2.342467300000000030e+00 2.324992999999999921e-01
5.300000000000000000e+02 2.360353700000000110e+00 2.120892100000000002e-01
5.310000000000000000e+02 2.362033799999999850e+00 1.840267999999999904e-01
5.320000000000000000e+02 2.361504300000000001e+00 1.549208800000000108e-01
5.330000000000000000e+02 2.360974800000000151e+00 1.258149600000000035e-01
5.340000000000000000e+02 2.349228999999999790e+00 1.071878150000000057e-01
5.350000000000000000e+02 2.331959200000000010e+00 9.372186000000000405e-02
5.360000000000000000e+02 2.314689200000000113e+00 8.025590999999999975e-02
5.370000000000000000e+02 2.303291000000000199e+00 6.976177499999999809e-02
5.380000000000000000e+02 2.300342800000000132e+00 6.354414999999999369e-02
5.390000000000000000e+02 2.297394499999999784e+00 5.732651400000000202e-02
5.400000000000000000e+02 2.293592700000000040e+00 5.075586599999999671e-02
5.410000000000000000e+02 2.283532600000000023e+00 4.159640500000000296e-02
5.420000000000000000e+02 2.273472799999999960e+00 3.243694500000000175e-02
5.430000000000000000e+02 2.263412699999999944e+00 2.327748600000000001e-02
5.440000000000000000e+02 2.253564100000000181e+00 1.857240300000000122e-02
5.450000000000000000e+02 2.243771800000000205e+00 1.505139399999999919e-02
5.460000000000000000e+02 2.233979499999999785e+00 1.153038500000000063e-02
5.470000000000000000e+02 2.225057800000000086e+00 8.942739999999999370e-03
5.480000000000000000e+02 2.217338600000000159e+00 7.644027000000000287e-03
5.490000000000000000e+02 2.209619299999999953e+00 6.345312999999999995e-03
5.500000000000000000e+02 2.201900000000000190e+00 5.046600000000000044e-03
5.510000000000000000e+02 2.195801700000000078e+00 4.584691999999999587e-03
5.520000000000000000e+02 2.189703499999999803e+00 4.122785000000000338e-03
5.530000000000000000e+02 2.183605200000000135e+00 3.660876999999999881e-03
5.540000000000000000e+02 2.178100000000000147e+00 3.370717000000000071e-03
5.550000000000000000e+02 2.173099999999999810e+00 3.226859999999999798e-03
5.560000000000000000e+02 2.168099999999999916e+00 3.083002999999999959e-03
5.570000000000000000e+02 2.163132200000000172e+00 2.943655999999999790e-03
5.580000000000000000e+02 2.158934799999999932e+00 2.912557000000000080e-03
5.590000000000000000e+02 2.154737700000000089e+00 2.881458999999999843e-03
5.600000000000000000e+02 2.150540599999999802e+00 2.850360000000000133e-03
5.610000000000000000e+02 2.146625499999999853e+00 2.834254000000000027e-03
5.620000000000000000e+02 2.143004400000000143e+00 2.833753000000000053e-03
5.630000000000000000e+02 2.139383299999999988e+00 2.833252000000000079e-03
5.640000000000000000e+02 2.135762199999999833e+00 2.832750000000000198e-03
5.650000000000000000e+02 2.132506999999999930e+00 2.831983000000000156e-03
5.660000000000000000e+02 2.129293000000000102e+00 2.831185999999999859e-03
5.670000000000000000e+02 2.126078600000000041e+00 2.830389999999999903e-03
5.680000000000000000e+02 2.122953199999999985e+00 2.827044999999999818e-03
5.690000000000000000e+02 2.120080499999999812e+00 2.816448999999999949e-03
5.700000000000000000e+02 2.117207800000000084e+00 2.805853000000000080e-03
5.710000000000000000e+02 2.114335300000000029e+00 2.795255999999999869e-03
5.720000000000000000e+02 2.111617799999999878e+00 2.778535999999999853e-03
5.730000000000000000e+02 2.109017099999999978e+00 2.757195000000000045e-03
5.740000000000000000e+02 2.106416700000000031e+00 2.735855000000000144e-03
5.750000000000000000e+02 2.103816000000000130e+00 2.714513999999999903e-03
5.760000000000000000e+02 2.101383199999999896e+00 2.686254999999999806e-03
5.770000000000000000e+02 2.098981999999999903e+00 2.656677000000000084e-03
5.780000000000000000e+02 2.096581000000000028e+00 2.627098999999999927e-03
5.790000000000000000e+02 2.094187699999999985e+00 2.597251999999999981e-03
5.800000000000000000e+02 2.091942299999999921e+00 2.562290999999999961e-03
5.810000000000000000e+02 2.089697000000000138e+00 2.527329999999999941e-03
5.820000000000000000e+02 2.087451499999999793e+00 2.492368999999999921e-03
5.830000000000000000e+02 2.085241799999999923e+00 2.456898999999999802e-03
5.840000000000000000e+02 2.083159699999999948e+00 2.419623999999999994e-03
5.850000000000000000e+02 2.081077300000000019e+00 2.382349000000000185e-03
5.860000000000000000e+02 2.078995200000000043e+00 2.345073999999999943e-03
5.870000000000000000e+02 2.076953399999999839e+00 2.307730999999999932e-03
5.880000000000000000e+02 2.074993999999999783e+00 2.270250000000000132e-03
5.890000000000000000e+02 2.073034799999999844e+00 2.232768999999999900e-03
5.900000000000000000e+02 2.071075700000000186e+00 2.195289000000000008e-03
5.910000000000000000e+02 2.069167999999999896e+00 2.158484000000000010e-03
5.920000000000000000e+02 2.067338700000000085e+00 2.122694999999999964e-03
5.930000000000000000e+02 2.065509000000000039e+00 2.086905000000000010e-03
5.940000000000000000e+02 2.063679500000000111e+00 2.051115999999999964e-03
5.950000000000000000e+02 2.061891300000000093e+00 2.016464999999999837e-03
5.960000000000000000e+02 2.060163000000000189e+00 1.983453000000000039e-03
5.970000000000000000e+02 2.058434500000000167e+00 1.950439999999999899e-03
5.980000000000000000e+02 2.056706199999999818e+00 1.917428000000000101e-03
5.990000000000000000e+02 2.055003000000000135e+00 1.885649000000000092e-03
6.000000000000000000e+02 2.053344500000000128e+00 1.856063999999999934e-03
6.010000000000000000e+02 2.051685800000000004e+00 1.826478999999999993e-03
6.020000000000000000e+02 2.050027399999999833e+00 1.796892999999999928e-03
6.030000000000000000e+02 2.048399999999999999e+00 1.768293999999999899e-03
6.040000000000000000e+02 2.046861600000000170e+00 1.742499999999999908e-03
6.050000000000000000e+02 2.045323100000000061e+00 1.716707000000000042e-03
6.060000000000000000e+02 2.043784599999999951e+00 1.690913999999999959e-03
6.070000000000000000e+02 2.042250399999999910e+00 1.665505000000000067e-03
6.080000000000000000e+02 2.040753800000000062e+00 1.643556999999999917e-03
6.090000000000000000e+02 2.039257500000000167e+00 1.621609999999999892e-03
6.100000000000000000e+02 2.037761000000000156e+00 1.599661999999999959e-03
6.110000000000000000e+02 2.036264699999999817e+00 1.577714000000000026e-03
6.120000000000000000e+02 2.034849400000000141e+00 1.559105000000000083e-03
6.130000000000000000e+02 2.033444199999999924e+00 1.540907999999999905e-03
6.140000000000000000e+02 2.032039199999999823e+00 1.522710999999999943e-03
6.150000000000000000e+02 2.030634000000000050e+00 1.504515000000000106e-03
6.160000000000000000e+02 2.029271399999999836e+00 1.488528999999999937e-03
6.170000000000000000e+02 2.027934999999999821e+00 1.473897000000000054e-03
6.180000000000000000e+02 2.026598700000000086e+00 1.459266000000000079e-03
6.190000000000000000e+02 2.025262000000000118e+00 1.444635000000000103e-03
6.200000000000000000e+02 2.023942700000000094e+00 1.430892000000000015e-03
6.210000000000000000e+02 2.022667199999999887e+00 1.419434000000000017e-03
6.220000000000000000e+02 2.021391599999999844e+00 1.407976000000000019e-03
6.230000000000000000e+02 2.020115899999999964e+00 1.396518000000000021e-03
6.240000000000000000e+02 2.018840299999999921e+00 1.385060000000000024e-03
6.250000000000000000e+02 2.017622499999999874e+00 1.376216999999999892e-03
6.260000000000000000e+02 2.016411499999999801e+00 1.367696999999999967e-03
6.270000000000000000e+02 2.015200899999999962e+00 1.359177000000000041e-03
6.280000000000000000e+02 2.013990199999999842e+00 1.350656999999999899e-03
6.290000000000000000e+02 2.012805199999999850e+00 1.343203000000000062e-03
6.300000000000000000e+02 2.011654899999999913e+00 1.337162999999999937e-03
6.310000000000000000e+02 2.010504500000000139e+00 1.331123000000000028e-03
6.320000000000000000e+02 2.009353899999999804e+00 1.325082999999999903e-03
6.330000000000000000e+02 2.008203500000000030e+00 1.319043999999999902e-03
6.340000000000000000e+02 2.007089000000000123e+00 1.314990999999999946e-03
6.350000000000000000e+02 2.005977899999999980e+00 1.311134999999999948e-03
6.360000000000000000e+02 2.004866600000000165e+00 1.307278000000000042e-03
6.370000000000000000e+02 2.003755599999999859e+00 1.303422000000000044e-03
6.380000000000000000e+02 2.002656700000000178e+00 1.300155000000000104e-03
6.390000000000000000e+02 2.001583600000000018e+00 1.298136999999999989e-03
6.400000000000000000e+02 2.000510699999999975e+00 1.296119999999999998e-03
6.410000000000000000e+02 1.999437799999999932e+00 1.294103000000000007e-03
6.420000000000000000e+02 1.998364800000000052e+00 1.292086000000000016e-03
6.430000000000000000e+02 1.997342799999999974e+00 1.291049999999999967e-03
6.440000000000000000e+02 1.996347099999999930e+00 1.290520999999999986e-03
6.450000000000000000e+02 1.995351300000000050e+00 1.289991000000000098e-03
6.460000000000000000e+02 1.994355600000000006e+00 1.289460999999999993e-03
6.470000000000000000e+02 1.993359799999999904e+00 1.288932000000000012e-03
6.480000000000000000e+02 1.992377599999999971e+00 1.289566999999999927e-03
6.490000000000000000e+02 1.991396399999999955e+00 1.290277000000000047e-03
6.500000000000000000e+02 1.990415199999999940e+00 1.290986999999999951e-03
6.510000000000000000e+02 1.989433999999999925e+00 1.291697000000000071e-03
6.520000000000000000e+02 1.988461400000000046e+00 1.292546000000000103e-03
6.530000000000000000e+02 1.987537399999999899e+00 1.294189000000000060e-03
6.540000000000000000e+02 1.986613399999999974e+00 1.295832000000000017e-03
6.550000000000000000e+02 1.985689299999999990e+00 1.297474999999999974e-03
6.560000000000000000e+02 1.984765300000000066e+00 1.299117000000000023e-03
6.570000000000000000e+02 1.983850099999999950e+00 1.300970000000000034e-03
6.580000000000000000e+02 1.982957599999999987e+00 1.303363999999999998e-03
6.590000000000000000e+02 1.982065100000000024e+00 1.305757000000000055e-03
6.600000000000000000e+02 1.981172600000000061e+00 1.308151000000000019e-03
6.610000000000000000e+02 1.980280199999999935e+00 1.310544000000000075e-03
6.620000000000000000e+02 1.979400199999999943e+00 1.313118000000000054e-03
6.630000000000000000e+02 1.978543600000000069e+00 1.316026000000000088e-03
6.640000000000000000e+02 1.977686999999999973e+00 1.318935000000000029e-03
6.650000000000000000e+02 1.976830499999999935e+00 1.321843000000000063e-03
6.660000000000000000e+02 1.975973800000000002e+00 1.324751000000000097e-03
6.670000000000000000e+02 1.975127700000000042e+00 1.327782999999999915e-03
6.680000000000000000e+02 1.974302500000000071e+00 1.331064000000000075e-03
6.690000000000000000e+02 1.973477399999999937e+00 1.334345000000000019e-03
6.700000000000000000e+02 1.972652300000000025e+00 1.337625999999999963e-03
6.710000000000000000e+02 1.971827100000000055e+00 1.340905999999999999e-03
6.720000000000000000e+02 1.971013899999999985e+00 1.344237000000000079e-03
6.730000000000000000e+02 1.970238799999999957e+00 1.347726000000000045e-03
6.740000000000000000e+02 1.969463600000000092e+00 1.351214000000000104e-03
6.750000000000000000e+02 1.968688400000000005e+00 1.354701999999999946e-03
6.760000000000000000e+02 1.967913199999999918e+00 1.358190999999999912e-03
6.770000000000000000e+02 1.967138999999999971e+00 1.361683000000000034e-03
6.780000000000000000e+02 1.966377100000000100e+00 1.365225999999999983e-03
6.790000000000000000e+02 1.965615300000000065e+00 1.368768999999999932e-03
6.800000000000000000e+02 1.964853299999999914e+00 1.372312000000000098e-03
6.810000000000000000e+02 1.964091400000000043e+00 1.375855000000000047e-03
6.820000000000000000e+02 1.963329600000000008e+00 1.379397999999999996e-03
6.830000000000000000e+02 1.962592700000000079e+00 1.382942999999999976e-03
6.840000000000000000e+02 1.961861000000000077e+00 1.386489000000000081e-03
6.850000000000000000e+02 1.961129300000000075e+00 1.390034999999999969e-03
6.860000000000000000e+02 1.960397600000000073e+00 1.393581000000000073e-03
6.870000000000000000e+02 1.959665900000000072e+00 1.397126999999999961e-03
6.880000000000000000e+02 1.958957999999999977e+00 1.400619000000000083e-03
6.890000000000000000e+02 1.958274099999999907e+00 1.404057000000000005e-03
6.900000000000000000e+02 1.957590200000000058e+00 1.407494999999999927e-03
6.910000000000000000e+02 1.956906299999999987e+00 1.410933000000000066e-03
6.920000000000000000e+02 1.956222399999999917e+00 1.414370999999999988e-03
6.930000000000000000e+02 1.955539499999999986e+00 1.417794999999999906e-03
6.940000000000000000e+02 1.954866800000000016e+00 1.421067000000000033e-03
6.950000000000000000e+02 1.954193999999999987e+00 1.424340000000000068e-03
6.960000000000000000e+02 1.953521300000000016e+00 1.427613000000000102e-03
6.970000000000000000e+02 1.952848600000000046e+00 1.430885000000000013e-03
6.980000000000000000e+02 1.952175900000000075e+00 1.434158000000000047e-03
6.990000000000000000e+02 1.951520099999999980e+00 1.437293999999999985e-03
7.000000000000000000e+02 1.950876000000000055e+00 1.440335000000000053e-03
7.010000000000000000e+02 1.950231999999999966e+00 1.443377000000000028e-03
7.020000000000000000e+02 1.949588099999999935e+00 1.446418000000000096e-03
7.030000000000000000e+02 1.948944000000000010e+00 1.449458999999999947e-03
7.040000000000000000e+02 1.948299999999999921e+00 1.452500000000000015e-03
7.050000000000000000e+02 1.947683800000000076e+00 1.455263999999999950e-03
7.060000000000000000e+02 1.947067600000000009e+00 1.458028000000000102e-03
7.070000000000000000e+02 1.946451399999999943e+00 1.460792000000000037e-03
7.080000000000000000e+02 1.945835200000000098e+00 1.463555999999999972e-03
7.090000000000000000e+02 1.945219000000000031e+00 1.466319999999999906e-03
7.100000000000000000e+02 1.944606000000000057e+00 1.468998999999999912e-03
7.110000000000000000e+02 1.943999299999999986e+00 1.471494000000000057e-03
7.120000000000000000e+02 1.943392800000000031e+00 1.473989999999999892e-03
7.130000000000000000e+02 1.942786099999999960e+00 1.476485999999999944e-03
7.140000000000000000e+02 1.942179600000000006e+00 1.478981000000000089e-03
7.150000000000000000e+02 1.941572899999999935e+00 1.481476999999999924e-03
7.160000000000000000e+02 1.940990299999999946e+00 1.483792000000000054e-03
7.170000000000000000e+02 1.940427200000000019e+00 1.485959000000000021e-03
7.180000000000000000e+02 1.939864000000000033e+00 1.488125999999999989e-03
7.190000000000000000e+02 1.939300900000000105e+00 1.490294000000000080e-03
7.200000000000000000e+02 1.938737799999999956e+00 1.492461000000000048e-03
7.210000000000000000e+02 1.938174599999999970e+00 1.494628000000000016e-03
7.220000000000000000e+02 1.937617900000000004e+00 1.496572999999999957e-03
7.230000000000000000e+02 1.937064300000000072e+00 1.498418999999999966e-03
7.240000000000000000e+02 1.936510600000000082e+00 1.500264999999999975e-03
7.250000000000000000e+02 1.935956800000000033e+00 1.502110000000000077e-03
7.260000000000000000e+02 1.935403200000000101e+00 1.503956000000000086e-03
7.270000000000000000e+02 1.934849500000000111e+00 1.505802000000000095e-03
7.280000000000000000e+02 1.934314499999999937e+00 1.507408000000000012e-03
7.290000000000000000e+02 1.933786500000000075e+00 1.508926000000000061e-03
7.300000000000000000e+02 1.933258399999999932e+00 1.510445000000000017e-03
7.310000000000000000e+02 1.932730300000000012e+00 1.511963000000000066e-03
7.320000000000000000e+02 1.932202299999999928e+00 1.513480999999999898e-03
7.330000000000000000e+02 1.931674200000000008e+00 1.514998999999999946e-03
7.340000000000000000e+02 1.931152500000000050e+00 1.516292999999999938e-03
7.350000000000000000e+02 1.930633899999999903e+00 1.517476000000000025e-03
7.360000000000000000e+02 1.930115199999999920e+00 1.518658999999999894e-03
7.370000000000000000e+02 1.929596499999999937e+00 1.519841999999999981e-03
7.380000000000000000e+02 1.929078000000000070e+00 1.521025000000000068e-03
7.390000000000000000e+02 1.928559300000000087e+00 1.522207999999999938e-03
7.400000000000000000e+02 1.928060399999999897e+00 1.523231000000000107e-03
7.410000000000000000e+02 1.927581200000000106e+00 1.524093999999999926e-03
7.420000000000000000e+02 1.927102000000000093e+00 1.524956999999999962e-03
7.430000000000000000e+02 1.926622599999999963e+00 1.525819000000000090e-03
7.440000000000000000e+02 1.926143399999999950e+00 1.526681999999999909e-03
7.450000000000000000e+02 1.925664199999999937e+00 1.527544000000000037e-03
7.460000000000000000e+02 1.925183400000000100e+00 1.528332000000000085e-03
7.470000000000000000e+02 1.924697499999999950e+00 1.528880000000000039e-03
7.480000000000000000e+02 1.924211600000000022e+00 1.529428999999999901e-03
7.490000000000000000e+02 1.923725700000000094e+00 1.529977000000000073e-03
7.500000000000000000e+02 1.923239799999999944e+00 1.530525999999999935e-03
7.510000000000000000e+02 1.922753900000000016e+00 1.531075000000000014e-03
7.520000000000000000e+02 1.922268000000000088e+00 1.531622999999999969e-03
7.530000000000000000e+02 1.921815199999999946e+00 1.531912000000000074e-03
7.540000000000000000e+02 1.921367599999999953e+00 1.532158999999999952e-03
7.550000000000000000e+02 1.920919999999999961e+00 1.532406000000000046e-03
7.560000000000000000e+02 1.920472500000000027e+00 1.532652999999999923e-03
7.570000000000000000e+02 1.920025000000000093e+00 1.532900000000000018e-03
7.580000000000000000e+02 1.919577499999999937e+00 1.533146999999999895e-03
7.590000000000000000e+02 1.919133100000000036e+00 1.533276999999999991e-03
7.600000000000000000e+02 1.918693699999999946e+00 1.533216000000000006e-03
7.610000000000000000e+02 1.918254300000000079e+00 1.533155999999999929e-03
7.620000000000000000e+02 1.917814899999999989e+00 1.533094999999999944e-03
7.630000000000000000e+02 1.917375400000000063e+00 1.533035000000000083e-03
7.640000000000000000e+02 1.916935999999999973e+00 1.532974000000000099e-03
7.650000000000000000e+02 1.916496600000000106e+00 1.532912999999999897e-03
7.660000000000000000e+02 1.916074499999999903e+00 1.532644000000000107e-03
7.670000000000000000e+02 1.915657299999999896e+00 1.532315999999999930e-03
7.680000000000000000e+02 1.915239899999999995e+00 1.531989000000000094e-03
7.690000000000000000e+02 1.914822699999999989e+00 1.531660999999999917e-03
7.700000000000000000e+02 1.914405300000000087e+00 1.531332999999999956e-03
7.710000000000000000e+02 1.913988100000000081e+00 1.531004999999999996e-03
7.720000000000000000e+02 1.913571399999999922e+00 1.530658000000000062e-03
7.730000000000000000e+02 1.913161399999999901e+00 1.530057999999999939e-03
7.740000000000000000e+02 1.912751400000000102e+00 1.529456999999999909e-03
7.750000000000000000e+02 1.912341499999999916e+00 1.528857000000000002e-03
7.760000000000000000e+02 1.911931499999999895e+00 1.528257000000000096e-03
7.770000000000000000e+02 1.911521599999999932e+00 1.527656999999999973e-03
7.780000000000000000e+02 1.911111599999999910e+00 1.527055999999999943e-03
7.790000000000000000e+02 1.910703299999999993e+00 1.526400000000000022e-03
7.800000000000000000e+02 1.910300399999999899e+00 1.525564999999999994e-03
7.810000000000000000e+02 1.909897600000000084e+00 1.524731000000000090e-03
7.820000000000000000e+02 1.909494599999999931e+00 1.523896000000000061e-03
7.830000000000000000e+02 1.909091799999999894e+00 1.523061999999999940e-03
7.840000000000000000e+02 1.908688900000000022e+00 1.522226999999999912e-03
7.850000000000000000e+02 1.908286099999999985e+00 1.521393000000000007e-03
7.860000000000000000e+02 1.907893499999999909e+00 1.520492999999999931e-03
7.870000000000000000e+02 1.907526300000000008e+00 1.519432999999999938e-03
7.880000000000000000e+02 1.907159100000000107e+00 1.518374000000000069e-03
7.890000000000000000e+02 1.906791799999999926e+00 1.517314999999999983e-03
7.900000000000000000e+02 1.906424499999999966e+00 1.516255999999999897e-03
7.910000000000000000e+02 1.906057399999999902e+00 1.515195999999999904e-03
7.920000000000000000e+02 1.905690099999999942e+00 1.514137000000000035e-03
7.930000000000000000e+02 1.905321400000000054e+00 1.513032000000000092e-03
7.940000000000000000e+02 1.904946900000000110e+00 1.511755999999999951e-03
7.950000000000000000e+02 1.904572399999999943e+00 1.510480000000000026e-03
7.960000000000000000e+02 1.904197899999999999e+00 1.509204000000000101e-03
7.970000000000000000e+02 1.903823499999999891e+00 1.507927999999999959e-03
7.980000000000000000e+02 1.903448900000000110e+00 1.506652000000000035e-03
7.990000000000000000e+02 1.903074500000000002e+00 1.505375999999999893e-03
8.000000000000000000e+02 1.902700000000000058e+00 1.504099999999999968e-03
8.010000000000000000e+02 1.902359399999999923e+00 1.502641999999999997e-03
8.020000000000000000e+02 1.902018800000000009e+00 1.501184000000000025e-03
8.030000000000000000e+02 1.901678200000000096e+00 1.499726999999999961e-03
8.040000000000000000e+02 1.901337599999999961e+00 1.498268999999999990e-03
8.050000000000000000e+02 1.900997000000000048e+00 1.496811000000000018e-03
8.060000000000000000e+02 1.900656499999999971e+00 1.495353000000000047e-03
8.070000000000000000e+02 1.900315799999999999e+00 1.493895999999999983e-03
8.080000000000000000e+02 1.899970299999999890e+00 1.492321999999999919e-03
8.090000000000000000e+02 1.899622200000000039e+00 1.490688999999999903e-03
8.100000000000000000e+02 1.899274099999999965e+00 1.489056000000000103e-03
8.110000000000000000e+02 1.898926099999999950e+00 1.487421999999999963e-03
8.120000000000000000e+02 1.898578000000000099e+00 1.485788999999999947e-03
8.130000000000000000e+02 1.898230000000000084e+00 1.484155999999999930e-03
8.140000000000000000e+02 1.897882000000000069e+00 1.482522999999999914e-03
8.150000000000000000e+02 1.897540199999999899e+00 1.480858000000000044e-03
8.160000000000000000e+02 1.897225099999999998e+00 1.479059999999999923e-03
8.170000000000000000e+02 1.896910199999999991e+00 1.477262999999999927e-03
8.180000000000000000e+02 1.896595199999999926e+00 1.475465000000000023e-03
8.190000000000000000e+02 1.896280299999999919e+00 1.473666999999999902e-03
8.200000000000000000e+02 1.895965300000000076e+00 1.471868999999999999e-03
8.210000000000000000e+02 1.895650400000000069e+00 1.470071000000000095e-03
8.220000000000000000e+02 1.895335400000000003e+00 1.468272999999999974e-03
8.230000000000000000e+02 1.895016299999999987e+00 1.466405999999999960e-03
8.240000000000000000e+02 1.894694199999999995e+00 1.464484999999999962e-03
8.250000000000000000e+02 1.894371999999999945e+00 1.462565000000000089e-03
8.260000000000000000e+02 1.894049899999999953e+00 1.460644999999999999e-03
8.270000000000000000e+02 1.893727699999999903e+00 1.458724999999999909e-03
8.280000000000000000e+02 1.893405599999999911e+00 1.456805000000000036e-03
8.290000000000000000e+02 1.893083300000000024e+00 1.454884999999999946e-03
8.300000000000000000e+02 1.892761200000000033e+00 1.452965000000000072e-03
8.310000000000000000e+02 1.892454300000000034e+00 1.450941000000000080e-03
8.320000000000000000e+02 1.892150900000000080e+00 1.448892999999999926e-03
8.330000000000000000e+02 1.891847400000000068e+00 1.446844999999999989e-03
8.340000000000000000e+02 1.891543999999999892e+00 1.444797000000000052e-03
8.350000000000000000e+02 1.891240599999999938e+00 1.442748999999999898e-03
8.360000000000000000e+02 1.890937199999999985e+00 1.440700999999999961e-03
8.370000000000000000e+02 1.890633699999999973e+00 1.438653000000000024e-03
8.380000000000000000e+02 1.890330300000000019e+00 1.436605000000000087e-03
8.390000000000000000e+02 1.890042900000000081e+00 1.434455000000000062e-03
8.400000000000000000e+02 1.889757200000000026e+00 1.432293000000000064e-03
8.410000000000000000e+02 1.889471399999999912e+00 1.430131999999999974e-03
8.420000000000000000e+02 1.889185700000000079e+00 1.427969999999999977e-03
8.430000000000000000e+02 1.888900000000000023e+00 1.425809000000000104e-03
8.440000000000000000e+02 1.888614299999999968e+00 1.423647000000000107e-03
8.450000000000000000e+02 1.888328599999999913e+00 1.421486000000000017e-03
8.460000000000000000e+02 1.888042800000000021e+00 1.419324000000000020e-03
8.470000000000000000e+02 1.887762200000000057e+00 1.417087000000000034e-03
8.480000000000000000e+02 1.887482399999999894e+00 1.414836000000000045e-03
8.490000000000000000e+02 1.887202499999999894e+00 1.412585999999999963e-03
8.500000000000000000e+02 1.886922699999999953e+00 1.410334999999999974e-03
8.510000000000000000e+02 1.886642900000000012e+00 1.408084999999999892e-03
8.520000000000000000e+02 1.886363100000000070e+00 1.405833999999999903e-03
8.530000000000000000e+02 1.886083399999999966e+00 1.403582999999999914e-03
8.540000000000000000e+02 1.885803600000000024e+00 1.401333000000000049e-03
8.550000000000000000e+02 1.885527100000000011e+00 1.399033999999999955e-03
8.560000000000000000e+02 1.885252600000000056e+00 1.396707000000000070e-03
8.570000000000000000e+02 1.884978199999999937e+00 1.394379999999999968e-03
8.580000000000000000e+02 1.884703800000000040e+00 1.392053000000000084e-03
8.590000000000000000e+02 1.884429200000000026e+00 1.389725999999999982e-03
8.600000000000000000e+02 1.884154799999999907e+00 1.387399000000000097e-03
8.610000000000000000e+02 1.883880299999999952e+00 1.385071999999999996e-03
8.620000000000000000e+02 1.883605799999999997e+00 1.382744999999999894e-03
8.630000000000000000e+02 1.883335600000000110e+00 1.380399999999999943e-03
8.640000000000000000e+02 1.883078000000000030e+00 1.377998999999999977e-03
8.650000000000000000e+02 1.882820399999999950e+00 1.375598999999999919e-03
8.660000000000000000e+02 1.882562800000000092e+00 1.373197999999999953e-03
8.670000000000000000e+02 1.882305099999999953e+00 1.370797999999999895e-03
8.680000000000000000e+02 1.882047500000000095e+00 1.368398000000000054e-03
8.690000000000000000e+02 1.881789900000000015e+00 1.365997000000000088e-03
8.700000000000000000e+02 1.881532299999999935e+00 1.363597000000000030e-03
8.710000000000000000e+02 1.881274700000000077e+00 1.361196000000000064e-03
8.720000000000000000e+02 1.881020700000000101e+00 1.358763999999999935e-03
8.730000000000000000e+02 1.880768100000000054e+00 1.356318000000000020e-03
8.740000000000000000e+02 1.880515500000000007e+00 1.353873000000000012e-03
8.750000000000000000e+02 1.880263000000000018e+00 1.351427000000000097e-03
8.760000000000000000e+02 1.880010399999999970e+00 1.348982000000000089e-03
8.770000000000000000e+02 1.879757799999999923e+00 1.346535999999999957e-03
8.780000000000000000e+02 1.879505200000000098e+00 1.344090999999999949e-03
8.790000000000000000e+02 1.879252600000000051e+00 1.341645000000000034e-03
8.800000000000000000e+02 1.879000000000000004e+00 1.339200000000000026e-03
8.810000000000000000e+02 1.878763799999999984e+00 1.336724999999999979e-03
8.820000000000000000e+02 1.878527499999999906e+00 1.334251000000000057e-03
8.830000000000000000e+02 1.878291399999999944e+00 1.331776000000000010e-03
8.840000000000000000e+02 1.878055100000000088e+00 1.329300999999999964e-03
8.850000000000000000e+02 1.877818999999999905e+00 1.326827000000000041e-03
8.860000000000000000e+02 1.877582700000000049e+00 1.324351999999999994e-03
8.870000000000000000e+02 1.877346500000000029e+00 1.321876999999999948e-03
8.880000000000000000e+02 1.877110199999999951e+00 1.319401999999999901e-03
8.890000000000000000e+02 1.876874600000000060e+00 1.316923000000000009e-03
8.900000000000000000e+02 1.876643000000000061e+00 1.314410000000000014e-03
8.910000000000000000e+02 1.876411400000000063e+00 1.311895999999999896e-03
8.920000000000000000e+02 1.876179899999999900e+00 1.309381999999999994e-03
8.930000000000000000e+02 1.875948399999999960e+00 1.306868000000000092e-03
8.940000000000000000e+02 1.875716900000000020e+00 1.304355000000000098e-03
8.950000000000000000e+02 1.875485300000000022e+00 1.301840999999999979e-03
8.960000000000000000e+02 1.875253800000000082e+00 1.299327000000000077e-03
8.970000000000000000e+02 1.875022299999999920e+00 1.296812999999999959e-03
8.980000000000000000e+02 1.874790900000000038e+00 1.294297999999999933e-03
8.990000000000000000e+02 1.874564200000000014e+00 1.291760999999999994e-03
9.000000000000000000e+02 1.874337300000000095e+00 1.289222999999999932e-03
9.010000000000000000e+02 1.874110600000000071e+00 1.286685000000000086e-03
9.020000000000000000e+02 1.873883799999999988e+00 1.284147000000000023e-03
9.030000000000000000e+02 1.873656999999999906e+00 1.281610000000000084e-03
9.040000000000000000e+02 1.873430300000000104e+00 1.279072000000000021e-03
9.050000000000000000e+02 1.873203399999999963e+00 1.276533999999999959e-03
9.060000000000000000e+02 1.872976699999999939e+00 1.273995999999999896e-03
9.070000000000000000e+02 1.872749900000000078e+00 1.271458000000000050e-03
9.080000000000000000e+02 1.872526600000000041e+00 1.268919000000000080e-03
9.090000000000000000e+02 1.872304399999999980e+00 1.266378999999999986e-03
9.100000000000000000e+02 1.872082199999999919e+00 1.263840000000000015e-03
9.110000000000000000e+02 1.871860000000000079e+00 1.261299999999999921e-03
9.120000000000000000e+02 1.871637800000000018e+00 1.258760000000000044e-03
9.130000000000000000e+02 1.871415599999999957e+00 1.256221000000000074e-03
9.140000000000000000e+02 1.871193300000000059e+00 1.253680999999999979e-03
9.150000000000000000e+02 1.870971099999999998e+00 1.251141000000000102e-03
9.160000000000000000e+02 1.870748899999999937e+00 1.248601999999999915e-03
9.170000000000000000e+02 1.870531600000000072e+00 1.246062000000000038e-03
9.180000000000000000e+02 1.870324400000000109e+00 1.243523000000000068e-03
9.190000000000000000e+02 1.870117100000000088e+00 1.240984000000000097e-03
9.200000000000000000e+02 1.869909899999999903e+00 1.238446000000000035e-03
9.210000000000000000e+02 1.869702600000000103e+00 1.235907000000000065e-03
9.220000000000000000e+02 1.869495399999999918e+00 1.233368000000000094e-03
9.230000000000000000e+02 1.869288099999999897e+00 1.230828999999999908e-03
9.240000000000000000e+02 1.869080800000000098e+00 1.228289999999999937e-03
9.250000000000000000e+02 1.868873599999999913e+00 1.225750999999999967e-03
9.260000000000000000e+02 1.868666299999999891e+00 1.223211999999999997e-03
9.270000000000000000e+02 1.868468900000000099e+00 1.220680999999999936e-03
9.280000000000000000e+02 1.868275899999999989e+00 1.218153000000000031e-03
9.290000000000000000e+02 1.868082999999999938e+00 1.215624999999999909e-03
9.300000000000000000e+02 1.867890100000000109e+00 1.213097000000000003e-03
9.310000000000000000e+02 1.867697200000000057e+00 1.210569000000000098e-03
9.320000000000000000e+02 1.867504400000000064e+00 1.208040999999999976e-03
9.330000000000000000e+02 1.867311500000000013e+00 1.205513999999999978e-03
9.340000000000000000e+02 1.867118599999999962e+00 1.202986000000000073e-03
9.350000000000000000e+02 1.866925699999999910e+00 1.200457999999999950e-03
9.360000000000000000e+02 1.866732800000000081e+00 1.197930000000000045e-03
9.370000000000000000e+02 1.866535199999999950e+00 1.195405999999999986e-03
9.380000000000000000e+02 1.866336599999999901e+00 1.192883999999999958e-03
9.390000000000000000e+02 1.866138000000000075e+00 1.190361999999999931e-03
9.400000000000000000e+02 1.865939400000000026e+00 1.187838999999999996e-03
9.410000000000000000e+02 1.865740699999999919e+00 1.185316999999999968e-03
9.420000000000000000e+02 1.865542000000000034e+00 1.182794999999999940e-03
9.430000000000000000e+02 1.865343500000000043e+00 1.180272000000000005e-03
9.440000000000000000e+02 1.865144799999999936e+00 1.177749999999999977e-03
9.450000000000000000e+02 1.864946200000000109e+00 1.175227999999999950e-03
9.460000000000000000e+02 1.864747600000000061e+00 1.172705000000000015e-03
9.470000000000000000e+02 1.864559499999999925e+00 1.170199999999999929e-03
9.480000000000000000e+02 1.864374799999999999e+00 1.167700000000000031e-03
9.490000000000000000e+02 1.864189899999999955e+00 1.165199999999999916e-03
9.500000000000000000e+02 1.864005099999999970e+00 1.162700000000000018e-03
9.510000000000000000e+02 1.863820199999999927e+00 1.160199999999999903e-03
9.520000000000000000e+02 1.863635399999999942e+00 1.157700000000000005e-03
9.530000000000000000e+02 1.863450499999999899e+00 1.155200000000000107e-03
9.540000000000000000e+02 1.863265799999999972e+00 1.152699999999999992e-03
9.550000000000000000e+02 1.863080999999999987e+00 1.150200000000000094e-03
9.560000000000000000e+02 1.862896099999999944e+00 1.147699999999999979e-03
9.570000000000000000e+02 1.862717699999999921e+00 1.145217000000000023e-03
9.580000000000000000e+02 1.862546599999999941e+00 1.142753000000000041e-03
9.590000000000000000e+02 1.862375300000000067e+00 1.140287999999999935e-03
9.600000000000000000e+02 1.862203999999999970e+00 1.137823999999999953e-03
9.610000000000000000e+02 1.862032799999999932e+00 1.135359999999999972e-03
9.620000000000000000e+02 1.861861500000000058e+00 1.132895999999999990e-03
9.630000000000000000e+02 1.861690199999999962e+00 1.130431000000000101e-03
9.640000000000000000e+02 1.861518999999999924e+00 1.127966999999999902e-03
9.650000000000000000e+02 1.861347700000000049e+00 1.125502999999999920e-03
9.660000000000000000e+02 1.861176399999999953e+00 1.123038000000000031e-03
9.670000000000000000e+02 1.861005199999999915e+00 1.120574000000000049e-03
9.680000000000000000e+02 1.860828499999999996e+00 1.118136000000000043e-03
9.690000000000000000e+02 1.860651899999999914e+00 1.115698999999999944e-03
9.700000000000000000e+02 1.860475099999999937e+00 1.113260999999999938e-03
9.710000000000000000e+02 1.860298299999999960e+00 1.110824000000000056e-03
9.720000000000000000e+02 1.860121600000000042e+00 1.108386999999999957e-03
9.730000000000000000e+02 1.859944800000000065e+00 1.105950000000000075e-03
9.740000000000000000e+02 1.859768199999999982e+00 1.103512999999999977e-03
9.750000000000000000e+02 1.859591400000000005e+00 1.101074999999999970e-03
9.760000000000000000e+02 1.859414600000000029e+00 1.098638000000000088e-03
9.770000000000000000e+02 1.859237900000000110e+00 1.096200999999999990e-03
9.780000000000000000e+02 1.859064000000000050e+00 1.093772999999999924e-03
9.790000000000000000e+02 1.858899999999999997e+00 1.091378000000000053e-03
9.800000000000000000e+02 1.858735999999999944e+00 1.088982999999999965e-03
9.810000000000000000e+02 1.858572099999999949e+00 1.086586999999999970e-03
9.820000000000000000e+02 1.858408199999999955e+00 1.084192000000000098e-03
9.830000000000000000e+02 1.858244299999999960e+00 1.081797000000000010e-03
9.840000000000000000e+02 1.858080399999999965e+00 1.079401000000000015e-03
9.850000000000000000e+02 1.857916399999999912e+00 1.077005999999999927e-03
9.860000000000000000e+02 1.857752400000000081e+00 1.074611000000000056e-03
9.870000000000000000e+02 1.857588500000000087e+00 1.072215999999999968e-03
9.880000000000000000e+02 1.857424600000000092e+00 1.069819999999999972e-03
9.890000000000000000e+02 1.857263700000000073e+00 1.067435999999999949e-03
9.900000000000000000e+02 1.857112400000000108e+00 1.065088000000000059e-03
9.910000000000000000e+02 1.856961300000000037e+00 1.062739000000000045e-03
9.920000000000000000e+02 1.856810000000000072e+00 1.060390000000000030e-03
9.930000000000000000e+02 1.856658700000000106e+00 1.058041000000000016e-03
9.940000000000000000e+02 1.856507399999999919e+00 1.055692999999999909e-03
9.950000000000000000e+02 1.856356300000000070e+00 1.053343999999999895e-03
9.960000000000000000e+02 1.856205000000000105e+00 1.050995000000000098e-03
9.970000000000000000e+02 1.856053699999999917e+00 1.048646000000000083e-03
9.980000000000000000e+02 1.855902399999999952e+00 1.046297999999999976e-03
9.990000000000000000e+02 1.855751300000000104e+00 1.043948999999999962e-03
1.000000000000000000e+03 1.855599999999999916e+00 1.041599999999999948e-03
1.001000000000000000e+03 1.855443500000000023e+00 1.039296000000000100e-03
1.002000000000000000e+03 1.855286999999999908e+00 1.036990999999999911e-03
1.003000000000000000e+03 1.855130399999999957e+00 1.034687000000000063e-03
1.004000000000000000e+03 1.854973900000000064e+00 1.032382999999999999e-03
1.005000000000000000e+03 1.854817399999999950e+00 1.030078000000000027e-03
1.006000000000000000e+03 1.854660900000000057e+00 1.027773999999999962e-03
1.007000000000000000e+03 1.854504300000000105e+00 1.025469999999999897e-03
1.008000000000000000e+03 1.854347799999999991e+00 1.023164999999999925e-03
1.009000000000000000e+03 1.854191300000000098e+00 1.020861000000000077e-03
1.010000000000000000e+03 1.854034799999999983e+00 1.018557000000000013e-03
1.011000000000000000e+03 1.853878300000000090e+00 1.016252000000000041e-03
1.012000000000000000e+03 1.853727899999999984e+00 1.013975000000000076e-03
1.013000000000000000e+03 1.853583900000000062e+00 1.011724000000000087e-03
1.014000000000000000e+03 1.853439800000000082e+00 1.009473000000000098e-03
1.015000000000000000e+03 1.853295799999999938e+00 1.007221999999999892e-03
1.016000000000000000e+03 1.853151699999999957e+00 1.004970999999999903e-03
1.017000000000000000e+03 1.853007700000000035e+00 1.002719999999999913e-03
1.018000000000000000e+03 1.852863600000000055e+00 1.000468999999999924e-03
1.019000000000000000e+03 1.852719500000000075e+00 9.982190000000000594e-04
1.020000000000000000e+03 1.852575400000000094e+00 9.959680000000000703e-04
1.021000000000000000e+03 1.852431299999999892e+00 9.937170000000000811e-04
1.022000000000000000e+03 1.852287299999999970e+00 9.914660000000000920e-04
1.023000000000000000e+03 1.852143199999999990e+00 9.892150000000001029e-04
1.024000000000000000e+03 1.852000799999999892e+00 9.869930000000000283e-04
1.025000000000000000e+03 1.851859200000000039e+00 9.847829999999999258e-04
1.026000000000000000e+03 1.851717499999999905e+00 9.825730000000000401e-04
1.027000000000000000e+03 1.851575900000000052e+00 9.803629999999999376e-04
1.028000000000000000e+03 1.851434100000000083e+00 9.781530000000000519e-04
1.029000000000000000e+03 1.851292500000000008e+00 9.759429999999999494e-04
1.030000000000000000e+03 1.851150899999999933e+00 9.737329999999999553e-04
1.031000000000000000e+03 1.851009099999999963e+00 9.715229999999999613e-04
1.032000000000000000e+03 1.850867500000000110e+00 9.693129999999999672e-04
1.033000000000000000e+03 1.850725900000000035e+00 9.671029999999999731e-04
1.034000000000000000e+03 1.850584100000000065e+00 9.648929999999999790e-04
1.035000000000000000e+03 1.850442499999999990e+00 9.626829999999999849e-04
1.036000000000000000e+03 1.850308899999999923e+00 9.605139999999999859e-04
1.037000000000000000e+03 1.850178799999999901e+00 9.583620000000000376e-04
1.038000000000000000e+03 1.850048799999999938e+00 9.562099999999999810e-04
1.039000000000000000e+03 1.849918699999999916e+00 9.540570000000000170e-04
1.040000000000000000e+03 1.849788699999999952e+00 9.519049999999999604e-04
1.041000000000000000e+03 1.849658500000000094e+00 9.497530000000000121e-04
1.042000000000000000e+03 1.849528400000000072e+00 9.476009999999999555e-04
1.043000000000000000e+03 1.849398400000000109e+00 9.454490000000000073e-04
1.044000000000000000e+03 1.849268300000000087e+00 9.432969999999999506e-04
1.045000000000000000e+03 1.849138299999999902e+00 9.411450000000000024e-04
1.046000000000000000e+03 1.849008100000000043e+00 9.389930000000000542e-04
1.047000000000000000e+03 1.848878000000000021e+00 9.368409999999999975e-04
1.048000000000000000e+03 1.848749200000000092e+00 9.347129999999999935e-04
1.049000000000000000e+03 1.848622200000000104e+00 9.326189999999999827e-04
1.050000000000000000e+03 1.848495199999999894e+00 9.305249999999999719e-04
1.051000000000000000e+03 1.848368299999999964e+00 9.284319999999999769e-04
1.052000000000000000e+03 1.848241299999999976e+00 9.263379999999999661e-04
1.053000000000000000e+03 1.848114299999999988e+00 9.242439999999999553e-04
1.054000000000000000e+03 1.847987299999999999e+00 9.221509999999999603e-04
1.055000000000000000e+03 1.847860300000000011e+00 9.200569999999999495e-04
1.056000000000000000e+03 1.847733400000000081e+00 9.179630000000000472e-04
1.057000000000000000e+03 1.847606300000000035e+00 9.158700000000000521e-04
1.058000000000000000e+03 1.847479300000000046e+00 9.137760000000000413e-04
1.059000000000000000e+03 1.847352399999999895e+00 9.116820000000000306e-04
1.060000000000000000e+03 1.847225399999999906e+00 9.095890000000000355e-04
1.061000000000000000e+03 1.847101600000000010e+00 9.075539999999999779e-04
1.062000000000000000e+03 1.846978400000000020e+00 9.055340000000000481e-04
1.063000000000000000e+03 1.846855399999999925e+00 9.035140000000000098e-04
1.064000000000000000e+03 1.846732299999999993e+00 9.014939999999999716e-04
1.065000000000000000e+03 1.846609200000000062e+00 8.994740000000000417e-04
1.066000000000000000e+03 1.846486199999999966e+00 8.974540000000000035e-04
1.067000000000000000e+03 1.846363100000000035e+00 8.954339999999999652e-04
1.068000000000000000e+03 1.846240000000000103e+00 8.934140000000000354e-04
1.069000000000000000e+03 1.846116899999999950e+00 8.913939999999999971e-04
1.070000000000000000e+03 1.845993900000000076e+00 8.893739999999999589e-04
1.071000000000000000e+03 1.845870700000000086e+00 8.873540000000000290e-04
1.072000000000000000e+03 1.845747699999999991e+00 8.853339999999999908e-04
1.073000000000000000e+03 1.845624600000000060e+00 8.833139999999999525e-04
1.074000000000000000e+03 1.845502999999999894e+00 8.813280000000000159e-04
1.075000000000000000e+03 1.845381900000000019e+00 8.793510000000000042e-04
1.076000000000000000e+03 1.845260600000000029e+00 8.773739999999999924e-04
1.077000000000000000e+03 1.845139400000000096e+00 8.753959999999999650e-04
1.078000000000000000e+03 1.845018100000000105e+00 8.734189999999999532e-04
1.079000000000000000e+03 1.844896899999999951e+00 8.714420000000000499e-04
1.080000000000000000e+03 1.844775800000000077e+00 8.694650000000000382e-04
1.081000000000000000e+03 1.844654599999999922e+00 8.674870000000000107e-04
1.082000000000000000e+03 1.844533299999999931e+00 8.655099999999999990e-04
1.083000000000000000e+03 1.844412099999999999e+00 8.635329999999999872e-04
1.084000000000000000e+03 1.844290900000000066e+00 8.615549999999999597e-04
1.085000000000000000e+03 1.844169699999999912e+00 8.595779999999999480e-04
1.086000000000000000e+03 1.844048499999999979e+00 8.576010000000000447e-04
1.087000000000000000e+03 1.843929399999999941e+00 8.556669999999999511e-04
1.088000000000000000e+03 1.843811799999999890e+00 8.537619999999999888e-04
1.089000000000000000e+03 1.843694100000000002e+00 8.518570000000000265e-04
1.090000000000000000e+03 1.843576399999999893e+00 8.499510000000000485e-04
1.091000000000000000e+03 1.843458800000000064e+00 8.480459999999999778e-04
1.092000000000000000e+03 1.843341200000000013e+00 8.461410000000000155e-04
1.093000000000000000e+03 1.843223599999999962e+00 8.442360000000000532e-04
1.094000000000000000e+03 1.843105900000000075e+00 8.423309999999999825e-04
1.095000000000000000e+03 1.842988300000000024e+00 8.404260000000000203e-04
1.096000000000000000e+03 1.842870599999999914e+00 8.385209999999999496e-04
1.097000000000000000e+03 1.842752900000000027e+00 8.366149999999999715e-04
1.098000000000000000e+03 1.842635299999999976e+00 8.347100000000000092e-04
1.099000000000000000e+03 1.842517600000000089e+00 8.328050000000000470e-04
1.100000000000000000e+03 1.842400000000000038e+00 8.308999999999999763e-04
