3.500000000000000000e+02 1.887668217221720068e+00 1.257397053170709933e+00
3.700000000000000000e+02 2.056379133871649945e+00 1.289662879676960028e+00
3.900000000000000000e+02 2.229392172682810092e+00 1.277964506869609940e+00
4.100000000000000000e+02 2.392522697494090078e+00 1.224672765434430044e+00
4.300000000000000000e+02 2.533352283992610143e+00 1.136924726949019915e+00
4.500000000000000000e+02 2.643655388986020149e+00 1.025728196208909981e+00
4.700000000000000000e+02 2.720696305034259854e+00 9.033646504879360162e-01
4.900000000000000000e+02 2.766603838694039919e+00 7.806348021508410229e-01
5.100000000000000000e+02 2.786482334896819957e+00 6.652714510988290142e-01
5.300000000000000000e+02 2.786435684315709871e+00 5.617591308525029525e-01
5.500000000000000000e+02 2.772228433496230160e+00 4.720133929720319865e-01
5.700000000000000000e+02 2.748678666153869798e+00 3.962874563121049909e-01
5.900000000000000000e+02 2.719561833270430107e+00 3.339449047056229913e-01
6.100000000000000000e+02 2.687782111221829862e+00 2.839950350502170040e-01
6.300000000000000000e+02 2.655662731699750090e+00 2.454147955936399894e-01
6.500000000000000000e+02 2.625313064101860050e+00 2.173008351998700072e-01
6.700000000000000000e+02 2.599124240897789928e+00 1.988287386008870117e-01
6.900000000000000000e+02 2.580508495204520081e+00 1.887677574489990129e-01
7.100000000000000000e+02 2.574729234727649807e+00 1.836238376321250032e-01
7.300000000000000000e+02 2.587192604082269920e+00 1.725061205386919927e-01
7.500000000000000000e+02 2.609035669020240089e+00 1.338133138599749972e-01
7.700000000000000000e+02 2.602040588735980098e+00 6.699472304492060104e-02
7.900000000000000000e+02 2.555810932838059824e+00 1.684835931314470139e-02
8.100000000000000000e+02 2.505321104515350061e+00 4.846951133034000216e-04
8.300000000000000000e+02 2.471252759381989961e+00 0.000000000000000000e+00
8.500000000000000000e+02 2.447134800692229994e+00 0.000000000000000000e+00
8.700000000000000000e+02 2.427816253974050209e+00 0.000000000000000000e+00
8.900000000000000000e+02 2.411629590404479995e+00 0.000000000000000000e+00
9.100000000000000000e+02 2.397711124302349894e+00 0.000000000000000000e+00
9.300000000000000000e+02 2.385534453141790134e+00 0.000000000000000000e+00
9.500000000000000000e+02 2.374747286085689968e+00 0.000000000000000000e+00
9.700000000000000000e+02 2.365098791030749936e+00 0.000000000000000000e+00
9.900000000000000000e+02 2.356402306588460061e+00 0.000000000000000000e+00
1.010000000000000000e+03 2.348514251061490032e+00 0.000000000000000000e+00
1.030000000000000000e+03 2.341321306358420173e+00 0.000000000000000000e+00
1.050000000000000000e+03 2.334732187077539933e+00 0.000000000000000000e+00
1.070000000000000000e+03 2.328672116052409979e+00 0.000000000000000000e+00
1.090000000000000000e+03 2.323078980717140141e+00 0.000000000000000000e+00
1.110000000000000000e+03 2.317900577906459869e+00 0.000000000000000000e+00
1.130000000000000000e+03 2.313092588606779909e+00 0.000000000000000000e+00
1.150000000000000000e+03 2.308617057024529906e+00 0.000000000000000000e+00
1.170000000000000000e+03 2.304441227103580125e+00 0.000000000000000000e+00
