250 1.665 3.665
252.405 1.6864247544234332 3.7455079376529796
254.81 1.7046870923368405 3.8396052041037367
257.214 1.7247983359209633 3.946230092124313
259.619 1.7517698073565362 4.064320894486741
262.024 1.7906128288242986 4.192815903963062
264.429 1.8463387225049863 4.33065341332531
266.834 1.92395881057934 4.476771715345526
269.238 2.0284844152280934 4.630109102795743
271.643 2.164929795679612 4.789206008977836
274.048 2.3383413689380528 4.948246698249531
276.453 2.5537853935389534 5.098727653843954
278.858 2.81632842031208 5.232105764123225
281.263 3.130156266753334 5.339648010010344
283.667 3.481391490750596 5.40872649614501
286.072 3.8392340358278205 5.423064401625904
288.477 4.17223154554821 5.366244253880751
290.882 4.449302511410059 5.22228949407313
293.287 4.65708504634668 4.996291024568081
295.691 4.807352728934643 4.7232241585891455
298.096 4.913790216628814 4.440336356102345
300.501 4.990064427588391 4.184803631314924
302.906 5.046452087698182 3.980147856586835
305.311 5.0858402999237 3.820128887444685
307.715 5.110142776598365 3.694586207740659
310.12 5.121273303643014 3.5933594533445543
312.525 5.121826865725243 3.5076954873145074
314.93 5.116744635223848 3.4336879507625913
317.335 5.11147252063127 3.368473173715732
319.739 5.111456430439946 3.3091874862008526
322.144 5.121124226240184 3.2534045607636433
324.549 5.13925533590394 3.2011245792042438
326.954 5.162681379582526 3.1531844815633367
329.359 5.18823215165539 3.1104219922144973
331.764 5.213042919676799 3.0735219331544843
334.168 5.237060865053713 3.0417616433442305
336.573 5.261748600728288 3.0136599235071846
338.978 5.2885834280598045 2.987728222186395
341.383 5.319078265181844 2.9626978433195443
343.788 5.355335532191715 2.940938971383132
346.192 5.399942241644607 2.9278130854935025
348.597 5.455499788047893 2.928770441750136
351.002 5.52468845683239 2.9489335899532922
353.407 5.612973698590275 2.9818557367154597
355.812 5.729283959889342 3.0067050929384407
358.216 5.882764163991327 3.0017506434389687
360.621 6.082418937532872 2.945344527970657
363.026 6.321599988530596 2.8251164969142484
365.431 6.56394552219669 2.6463077324913766
367.836 6.769773789008992 2.416127180768404
370.24 6.899414097997207 2.141786867752326
372.645 6.927870456526349 1.834585900658818
375.05 6.873750741996211 1.517967592585835
377.455 6.76372451612192 1.2176205333466004
379.86 6.624461340618594 0.9592333127543108
382.265 6.479326883912017 0.7630171469498347
384.669 6.335938393877596 0.6230746654613875
387.074 6.197225946745004 0.525737850183695
389.479 6.066118833354935 0.4573373809509999
391.884 5.945264673602705 0.40513457692878807
394.289 5.835114239578261 0.3636491309484019
396.693 5.735086745220726 0.3308089985794783
399.098 5.644595444026281 0.3045618286639597
401.503 5.563026607573296 0.28290549791159963
403.908 5.489400200923954 0.26451977656555126
406.313 5.422472198056575 0.24857586432762718
408.717 5.360992744855229 0.23425581011908653
411.122 5.303727426728716 0.22075806926345046
413.527 5.249859371451314 0.20772478742646033
415.932 5.199027195283327 0.19528212305662146
418.337 5.150892561239164 0.18358072462564087
420.741 5.105118865642656 0.1727695184150167
423.146 5.061494996550061 0.16287274400598306
425.551 5.0200178363768995 0.15370798090878562
427.956 4.980703833680811 0.14507336800878085
430.361 4.943569205575938 0.1367672455635874
432.766 4.9085267996562685 0.12867789264992
435.17 4.875223723529539 0.12092480099320335
437.575 4.843264970660311 0.11366410461243692
439.98 4.8122555345131435 0.10705193752662023
442.385 4.781888184057024 0.10119514057677814
444.79 4.752215678832462 0.09599839023668609
447.194 4.723383054129195 0.0913145425438923
449.599 4.695535345289051 0.08699645350669366
452.004 4.668793790729437 0.08291646248331755
454.409 4.6431214269142185 0.07907643414233134
456.814 4.618416753048241 0.07553107199731489
459.218 4.594578077960955 0.07233523542864741
461.623 4.571509507203578 0.06953662038860725
464.028 4.549180535339748 0.06710211690026101
466.433 4.527601913700674 0.06494763101679117
468.838 4.506785040642795 0.06298826921552618
471.242 4.486738505802845 0.06114108760664101
473.647 4.467411086409502 0.059364660232749576
476.052 4.448694292299681 0.057657312482047675
478.457 4.4304773338955314 0.05601896584878652
480.862 4.412651662496925 0.054449553396033794
483.267 4.395221826522088 0.05294959206512832
485.671 4.37835638771492 0.05152044553708232
488.076 4.362236775046426 0.05016354392160585
490.481 4.347043800713447 0.04888027429903776
492.886 4.332827520787515 0.04766290152298912
495.291 4.319346257154937 0.04648333755441885
497.695 4.3063188581547545 0.04531074047451902
500.1 4.293464176826686 0.044114269462989374
502.505 4.280574495442091 0.042880243487548854
504.91 4.267701361957705 0.04165556970541785
507.315 4.254953517433226 0.040500520816408585
509.719 4.242439702928352 0.03947536952033345
512.124 4.230257669908671 0.03862539707218532
514.529 4.218442618464057 0.03791055532460374
516.934 4.207007648658396 0.037260648399847385
519.339 4.195965835236473 0.0366054458811554
521.743 4.185324494146197 0.03588152721058507
524.148 4.175036408086216 0.03508995816926438
526.553 4.165024294958325 0.03426735658611812
528.958 4.155210558384984 0.033450711929830526
531.363 4.14552138002982 0.03267568311774258
533.768 4.135947668098911 0.031955133659686254
536.172 4.126534712905661 0.03128277476335102
538.577 4.117329494231503 0.03065172263921465
540.982 4.108378153757755 0.030055056754338776
543.387 4.0996958006655095 0.029484496069977214
545.792 4.09125810553044 0.02893003050681909
548.196 4.083038189265662 0.028381538204978504
550.601 4.075009183128014 0.02782896684201197
553.006 4.06714546996547 0.027270678126021113
555.411 4.059423863402167 0.026721375064099856
557.816 4.051821456342901 0.02619763817429009
560.22 4.044315349134532 0.02571604362321076
562.625 4.036895182172628 0.025285835324906348
565.03 4.02958877833005 0.02489393163680596
567.435 4.022431201413171 0.024523017092798843
569.84 4.015457515228366 0.024155776226774155
572.244 4.008693437954971 0.02377801265793452
574.649 4.002119005230222 0.023390776467329358
577.054 3.9957003159909665 0.022999769083348554
579.459 3.989403465768217 0.022610693071074918
581.864 3.98319850786436 0.022229314497584512
584.269 3.977087213417463 0.021861908339033384
586.673 3.9710865959872432 0.02151499413450585
589.078 3.9652137659819706 0.021195092977010388
591.483 3.9594838152107825 0.020907659218833696
593.888 3.953883538471324 0.020643193488225225
596.293 3.9483788834729645 0.02038117964562914
598.697 3.9429353130516027 0.020100845317221887
601.102 3.9375194475392874 0.019782127199336717
603.507 3.932130563269449 0.01942496671667646
605.912 3.9268043442210594 0.019051608240687946
608.317 3.9215783849809327 0.01868546656140151
610.721 3.916489965171396 0.018349804734110974
613.126 3.9115519954956066 0.018056146041345117
615.531 3.9067360796472665 0.017796114035924515
617.936 3.902009820104526 0.017559404677534935
620.341 3.8973408387498836 0.01733571724013052
622.745 3.8927068356415346 0.017116472353607567
625.15 3.8881120467938435 0.016897622998475935
627.555 3.8835650240460704 0.016675859299650264
629.96 3.8790743192374744 0.01644787138204512
632.365 3.874646842177734 0.0162113651279987
634.77 3.8702825977478192 0.01596831780002235
637.174 3.865979776120531 0.015721829236804756
639.579 3.861736567460678 0.015474999281980418
641.984 3.8575512084767913 0.015230567943410746
644.389 3.853422253536968 0.014988819360069119
646.794 3.849348389698482 0.014749011833079766
649.198 3.84532830446284 0.014510400229121275
651.603 3.841361098779829 0.014272505198164477
654.008 3.837450679935481 0.014037937120952105
656.413 3.8336040560779234 0.0138112997529184
658.818 3.8298282870363187 0.013597230072409195
661.222 3.8261296885885936 0.01340007474286117
663.627 3.8224981148302626 0.013217757386373622
666.032 3.8189073121823336 0.013041916710989095
668.437 3.815330353826651 0.012863928739390027
670.842 3.811740628294976 0.012675288859063818
673.246 3.808128359023694 0.012473864728467468
675.651 3.804508729900601 0.012266971921767424
678.056 3.8008989447078427 0.012062690574285741
680.461 3.797316235804487 0.01186908478007406
682.866 3.7937845893965965 0.011690427452234416
685.271 3.790343417218222 0.011522332591706779
687.675 3.7870342746202477 0.011359210909025065
690.08 3.78389871607987 0.01119547318430111
692.485 3.7809522716366164 0.011027602713651788
694.89 3.7781162680553204 0.010859584887839837
697.295 3.7752907238116187 0.010697102032292374
699.699 3.772375657381144 0.010545836472436496
702.104 3.7692943135746364 0.010410515507412309
704.509 3.7661055708740236 0.010290289416963663
706.914 3.762917401326683 0.010182289839265614
709.319 3.7598378446952596 0.010083645628160049
711.723 3.7569632915985345 0.00999118690337968
714.128 3.7542766259187657 0.009898832984153817
716.533 3.7516967209527374 0.009798861683223817
718.938 3.7491417301581733 0.009683532353564223
721.343 3.746533703034759 0.009545613237719162
723.747 3.7438638128380655 0.009386901320416972
726.152 3.7411825901200255 0.009216946662281955
728.557 3.738542493964469 0.009045551223116344
730.962 3.7359949487329254 0.008882382763029245
733.367 3.733551153957539 0.008731892029061125
735.772 3.731170055694338 0.008591752683751591
738.176 3.7288071078115936 0.008459185465676106
740.581 3.7264179684258334 0.008331409968506348
742.986 3.723985181429608 0.00820549507899195
745.391 3.7215447177445933 0.008078210201245143
747.796 3.7191388591525723 0.007946289364155838
750.2 3.716809879389505 0.007806467485184464
752.605 3.714582407696643 0.007657428116855497
755.01 3.712426015733259 0.007503935299492432
757.415 3.710299566165258 0.0073519357607285275
759.82 3.7081619216585437 0.007207376228197032
762.224 3.705982492472902 0.007075383498543531
764.629 3.7037835634379586 0.006956974094662454
767.034 3.701603952824725 0.006851879290785948
769.439 3.6994824845264853 0.006759829924091385
771.844 3.697452759753954 0.006679867847129663
774.248 3.6955053650225183 0.006605360345143892
776.653 3.693609732987128 0.006526884052322922
779.058 3.69173514907005 0.00643499617968418
781.463 3.689852073298787 0.006321026464761477
783.868 3.687947974053715 0.006187490874402639
786.273 3.6860231286060654 0.006045329659187496
788.677 3.6840781277121817 0.005905689245828285
791.082 3.682113983745506 0.005779455329528046
793.487 3.6801441279872313 0.005669833649800031
795.892 3.6781961422059632 0.005571279167232281
798.297 3.676298377954048 0.005477770801756049
800.701 3.6744789431933835 0.0053833211196356616
803.106 3.672745763387749 0.00528473042806729
805.511 3.6710717743285195 0.005183632040615052
807.916 3.6694264227112807 0.0050821412079695765
810.321 3.667779171417813 0.004982372264719448
812.725 3.6661093589326845 0.0048858806087027475
815.13 3.664422958125841 0.004792714191868618
817.535 3.662730387001286 0.004702669381646463
819.94 3.66104206356302 0.004615542545465673
822.345 3.659365078897254 0.004531068853153414
824.749 3.657692179571988 0.004448719611654115
827.154 3.656012246931719 0.004367895028346256
829.559 3.654314162264852 0.004287995309576641
831.964 3.6525909078310494 0.004208472022483149
834.369 3.6508642037121066 0.004129136648279189
836.774 3.6491680603548198 0.004049954593389989
839.178 3.647536534601562 0.003970891845301493
841.583 3.6460000824247407 0.0038918998130379506
843.988 3.6445460079671697 0.003812755201371197
846.393 3.6431331495911468 0.0037331194686756343
848.798 3.641719842300094 0.003652652035429765
851.202 3.6402663132740822 0.003571049203103472
853.607 3.638776309756138 0.0034888555359682844
856.012 3.637297099052246 0.003407463861097404
858.417 3.6358778406450383 0.0033283038865554023
860.822 3.634566891741908 0.0032527831952228166
863.226 3.63336723955309 0.0031810581540815497
865.631 3.632213094028863 0.0031113883876289386
868.036 3.6310329258965823 0.0030418752438048746
870.441 3.6297553513072267 0.002970624298391729
872.846 3.6283475096859577 0.002896861098844138
875.251 3.626866617115622 0.0028224299550942836
877.655 3.6253827438815325 0.0027495488821379904
880.06 3.6239659599775065 0.002680435883334329
882.465 3.6226662463016077 0.002616506992198481
884.87 3.6214590296158127 0.0025562019923626687
887.275 3.6203024453741355 0.002497270387133952
889.679 3.6191546290305907 0.0024374616798193876
892.084 3.6179797709476818 0.0023750040148184793
894.489 3.6167783413310444 0.0023109934615835113
896.894 3.6155642623700857 0.002247589470164044
899.299 3.614351478302124 0.0021869532334993754
901.703 3.613152283339462 0.0021310258513426044
904.108 3.611962424761206 0.0020795412646455276
906.513 3.610768105360194 0.002030960296456706
908.918 3.60955541273313 0.001983728404067966
911.323 3.6083119767113896 0.0019363323446954736
913.727 3.6070537771305635 0.0018880180680789405
916.132 3.605821674671486 0.0018386978149237947
918.537 3.604657374710012 0.0017883064462546501
920.942 3.6036014693805334 0.0017367916351750045
923.347 3.6026490641656244 0.0016846245517925487
925.752 3.601734864858802 0.0016329714944561887
928.156 3.600789406021252 0.001583046767414182
930.561 3.59974351595448 0.001536058600637594
932.966 3.598570226507387 0.0014923424939092245
935.371 3.5973283870910207 0.0014504593194792383
937.776 3.596087266762163 0.0014087544809952856
940.18 3.5949161268437413 0.0013655736179175935
942.585 3.593861485699595 0.0013199558246411646
944.99 3.592897128851653 0.001273157890626325
947.395 3.5919823328342337 0.0012268789984719924
949.8 3.5910763741816574 0.0011828183307770784
952.204 3.590145064346873 0.0011422874270515743
954.609 3.5891878124148002 0.0011046048578666845
957.014 3.5882147946202854 0.001068450500109153
959.419 3.5872361921079534 0.0010325039394237364
961.824 3.586261445951643 0.000995620078344632
964.228 3.585293731869462 0.0009581380323970025
966.633 3.58433307270066 0.0009211438090573469
969.038 3.583379467332415 0.0008857290898575858
971.443 3.582432548331003 0.0008529078127422273
973.848 3.5814864670166697 0.0008225306412367977
976.253 3.5805311552356067 0.0007935527479155716
978.657 3.5795564362944816 0.0007649062702158133
981.062 3.5785528641658115 0.0007355477337673337
983.467 3.577533481612439 0.0007051842958983959
985.872 3.576537520421101 0.0006743972521724169
988.277 3.5756056884779532 0.0006438171674553526
990.681 3.5747782769774656 0.000614071729164633
993.086 3.5740585234444366 0.0005855327520146668
995.491 3.5733839600036945 0.0005581183245858502
997.896 3.5726853754652605 0.0005316999697553343
1000.3 3.5718936037110165 0.0005061492492879882
1002.71 3.570972155718316 0.00048136591854463427
1005.11 3.5699748213917375 0.00045732762498633265
1007.52 3.568970850282409 0.000434025354561619
1009.92 3.5680294919414575 0.000411450093219026
1012.32 3.5672034130194663 0.0003895844077808625
1014.73 3.566471967686569 0.000368373644377877
1017.13 3.56579425693079 0.0003477528666153934
1019.54 3.565129381060216 0.00032765713775352796
1021.94 3.5644410006887166 0.0003080419344069319
1024.35 3.5637255925209033 0.00028900962827307897
1026.75 3.5629940013177652 0.00027072690696223946
1029.16 3.5622571326345076 0.00025336073021860764
1031.56 3.5615252682575704 0.00023706313916302038
1033.97 3.56080098187223 0.00022180182093105318
1036.37 3.5600816483335964 0.00020742012268906132
1038.78 3.559364545112759 0.000193759062478323
1041.18 3.5586470033053548 0.0001806618657243275
1043.59 3.5579276370083583 0.00016802457092163702
1045.99 3.5572063715173683 0.0001557971903380063
1048.4 3.556483191392819 0.00014393217580062202
1050.8 3.5557580984774106 0.0001323837177416914
1053.21 3.5550321315496687 0.00012121032289484893
1055.61 3.554307936638652 0.00011063218826094426
1058.02 3.5535882980315288 0.00010088341968101421
1060.42 3.5528759875942257 9.219777470061555e-05
1062.83 3.5521700670801057 8.470497815319818e-05
1065.23 3.5514607161857583 7.828569923326049e-05
1067.64 3.5507368132020742 7.278411531408701e-05
1070.04 3.5499872364607024 6.804440377897072e-05
1072.44 3.5492101157529334 6.391301362154342e-05
1074.85 3.5484387824911843 6.0245037267883505e-05
1077.25 3.5477149392247247 5.6897622599289704e-05
1079.66 3.5470802885028245 5.3727917497061706e-05
1082.06 3.5465645234829477 5.0611214552939306e-05
1084.47 3.5461234972798463 4.753436955981616e-05
1086.87 3.545685019062182 4.452660925573311e-05
1089.28 3.5451768440032914 4.161724195899998e-05
1091.68 3.544535452868462 3.883569898677873e-05
1094.09 3.5437874060762478 3.621268144906333e-05
1096.49 3.5430124062072164 3.3779639565483937e-05
1098.9 3.5422908426961115 3.156803323779574e-05
1101.3 3.5416987923738867 2.9606494740941507e-05
1103.71 3.5412301531194577 2.786977442155091e-05
1106.11 3.540805112031182 2.628429298836688e-05
1108.52 3.5403412435193657 2.47747580999333e-05
1110.92 3.5397576696366357 2.3267095998078996e-05
1113.33 3.539040053168821 2.1739625796269598e-05
1115.73 3.538264376656069 2.0241782615662365e-05
1118.14 3.5375130656997786 1.8828074717803627e-05
1120.54 3.536868236807072 1.7552782114212828e-05
1122.95 3.536363359963558 1.6434261894124712e-05
1125.35 3.535930676989718 1.5416119419490213e-05
1127.76 3.535489798392265 1.4432632484971142e-05
1130.16 3.5349603422154203 1.341808514323264e-05
1132.57 3.5342927699872337 1.233236919719348e-05
1134.97 3.533538643834145 1.1219315050494228e-05
1137.37 3.532770208805274 1.013992506833331e-05
1139.78 3.532059709949744 9.155201615909155e-06
1142.18 3.531465159434641 8.313420189908894e-06
1144.59 3.5309695174059246 7.595745690458655e-06
1146.99 3.5305310951112356 6.961302275190718e-06
1149.4 3.5301081891699955 6.369201021364765e-06
1151.8 3.529662810683905 5.782392640147025e-06
1154.21 3.52918930050787 5.197246878557091e-06
1156.61 3.528698645880355 4.627340731862502e-06
1159.02 3.528201971613243 4.0863934039941595e-06
1161.42 3.527709921966326 3.587209397262282e-06
1163.83 3.527225707939555 3.1284444568600924e-06
1166.23 3.5267466916283543 2.6976212946557252e-06
1168.64 3.5262700771657665 2.28196195075534e-06
1171.04 3.5257931073971034 1.8692256674953233e-06
1173.45 3.5253142712726375 1.4644636328282842e-06
1175.85 3.5248335408787326 1.0933082130951868e-06
1178.26 3.5243509748713246 7.825930830380299e-07
1180.66 3.5238666405806836 5.589561017356937e-07
1183.07 3.5233814351467925 4.3030288112447637e-07
1185.47 3.522897760865978 3.705614111569909e-07
1187.88 3.5224181789814506 3.500715914707057e-07
1190.28 3.521945247331592 3.391827252766514e-07
1192.69 3.521478551820463 3.16452119551475e-07
1195.09 3.521009266661538 2.8366881536852555e-07
1197.49 3.5205270882260504 2.4670341596106026e-07
1199.9 3.5200217128852325 2.1142652456232765e-07
1202.3 3.5194900184653934 1.8261923743927485e-07
1204.71 3.5189614375026994 1.6012373767348718e-07
1207.11 3.518474622678769 1.4238340927359758e-07
1209.52 3.518068227265463 1.278415467021654e-07
1211.92 3.5177724122407352 1.1505767805125106e-07
1214.33 3.5175545752228796 1.034503705808726e-07
1216.73 3.517353983106629 9.282321544873595e-08
1219.14 3.5171097700946174 8.29816199630082e-08
1221.54 3.516765420327862 7.374184113992818e-08
1223.95 3.516319864847745 6.505843282429255e-08
1226.35 3.5158102686905246 5.698131289748043e-08
1228.76 3.51527455445117 4.9562288759789463e-08
1231.16 3.514749792172601 4.285088254094388e-08
1233.57 3.5142518189157403 3.6839701242804335e-08
1235.97 3.5137742951459985 3.146190737802561e-08
1238.38 3.513309839942172 2.664787201658004e-08
1240.78 3.512851066558781 2.2328374674925424e-08
1243.19 3.5123902168726024 1.846023895694481e-08
1245.59 3.511918944153366 1.5041566473890993e-08
1248 3.511428849490915 1.207411812341787e-08
1250.4 3.5109115720734505 9.559625116825195e-09
1252.81 3.510371666432542 7.489754991297636e-09
1255.21 3.5098453468352653 5.831505923576119e-09
1257.62 3.509373589843452 4.548165296111262e-09
1260.02 3.508997372008029 3.6030204875781377e-09
1262.42 3.5087383549470186 2.952669697378416e-09
1264.83 3.5085428479373 2.5276149784207054e-09
1267.23 3.5083387873030194 2.2519954324611413e-09
1269.64 3.508054109368328 2.0499501612559156e-09
1272.04 3.507632354810142 1.854377757636396e-09
1274.45 3.507115527676078 1.6534491496303192e-09
1276.85 3.5065839330294364 1.4568355101006281e-09
1279.26 3.506117961689169 1.2742561507783183e-09
1281.66 3.505789014982388 1.114707844290205e-09
1284.07 3.5055729330578536 9.795065410974335e-10
1286.47 3.505387899991996 8.653340290646291e-10
1288.88 3.5051513035074735 7.688080883521165e-10
1291.28 3.504784722982334 6.865692159035986e-10
1293.69 3.504292580296214 6.157068757161539e-10
1296.09 3.503755238335261 5.537220960113144e-10
1298.5 3.5032558680672468 4.981311234807282e-10
1300.9 3.502876178353358 4.4647843388908724e-10
1303.31 3.5026316500413675 3.975871754577423e-10
1305.71 3.5024458678721304 3.5205474592472856e-10
1308.12 3.502235647574506 3.106092331810672e-10
1310.52 3.501918086051078 2.7397554777155506e-10
1312.93 3.5014589422009355 2.4232870530581084e-10
1315.33 3.500927607471776 2.1467264298109267e-10
1317.74 3.5004067606577767 1.8986114705441052e-10
1320.14 3.4999790751499873 1.6674805705105356e-10
1322.55 3.499694978708435 1.4450511550699368e-10
1324.95 3.499496557048794 1.2337218677770926e-10
1327.35 3.4993031665881333 1.0381321867520494e-10
1329.76 3.4990341637435214 8.629215901147785e-11
1332.16 3.4986275736254644 7.119172989866233e-11
1334.57 3.498122396184301 5.845532157702813e-11
1336.97 3.4975916140263275 4.787846900052631e-11
1339.38 3.497108235366474 3.925659570239759e-11
1341.78 3.496737278351539 3.237908466092441e-11
1344.19 3.496472250240112 2.6981256055054917e-11
1346.59 3.4962689867270864 2.2769950062443315e-11
1349 3.4960829858582967 1.9451751595371932e-11
1351.4 3.495871931043954 1.6741033849800274e-11
1353.81 3.495628465152948 1.4476759854132785e-11
1356.21 3.49537334771011 1.2598095831704598e-11
1358.62 3.4951281346558605 1.1047046301651541e-11
1361.02 3.494913572337977 9.765783133451689e-12
1363.43 3.4947231282977986 8.702116980037607e-12
1365.83 3.4945170856766583 7.810718019010179e-12
1368.24 3.494253722667039 7.0466708695786825e-12
1370.64 3.4938916449184054 6.3651960963631556e-12
1373.05 3.493423242431083 5.735540006888049e-12
1375.45 3.4929035927514804 5.15297395821135e-12
1377.86 3.4923945835079393 4.615596547101018e-12
1380.26 3.491958080962929 4.121506727592454e-12
1382.67 3.491633157399568 3.6691846011410865e-12
1385.07 3.49139278500281 3.2582155558870437e-12
1387.47 3.4911980223894323 2.8883841916000167e-12
1389.88 3.4910099281762177 2.559475108049802e-12
1392.28 3.4907966165512323 2.270566942563227e-12
1394.69 3.4905589984337535 2.0174567753065657e-12
1397.09 3.490307507038352 1.7949889098993797e-12
1399.5 3.490052576608255 1.598007547036261e-12
1401.9 3.489803547354285 1.4216705781857822e-12
1404.31 3.4895614539964477 1.263517319556085e-12
1406.71 3.4893235208829463 1.1221796312973979e-12
1409.12 3.4890869524240866 9.962950903330131e-13
1411.52 3.4888491030689024 8.844384048225992e-13
1413.93 3.488609300650883 7.8435740148932e-13
1416.33 3.488368264170324 6.932169846535485e-13
1418.74 3.4881267417427764 6.081698588508282e-13
1421.14 3.487885464604436 5.264849096408654e-13
1423.55 3.4876447260904264 4.484451062671329e-13
1425.95 3.4874043521186873 3.7755066176829394e-13
1428.36 3.4871641458167075 3.1745865643258813e-13
1430.76 3.4869239115622928 2.717859997264722e-13
1433.17 3.4866835386077293 2.41422723271808e-13
1435.57 3.486443053763953 2.2283932449829994e-13
1437.98 3.486202496405468 2.1210265406378042e-13
1440.38 3.4859619059067763 2.0527956262607662e-13
1442.79 3.485721321642382 1.9843690084301724e-13
1445.19 3.4854807829867855 1.8764151937243262e-13
1447.6 3.4852403293144905 1.6896026887214937e-13
1450 3.485 1.3846e-13
