3.500237000000000194e+02 1.614678999999999975e+00 2.884490000000000109e-01
3.600244000000000142e+02 1.650288999999999895e+00 3.286149999999999904e-01
3.700249999999999773e+02 1.707532000000000050e+00 3.524519999999999875e-01
3.800256999999999721e+02 1.779590000000000005e+00 3.490670000000000162e-01
3.900264000000000237e+02 1.852603999999999917e+00 3.101920000000000233e-01
4.000269999999999868e+02 1.906039000000000039e+00 2.354380000000000084e-01
4.100276999999999816e+02 1.917847999999999997e+00 1.395939999999999959e-01
4.200283999999999764e+02 1.880258999999999903e+00 5.514100000000000251e-02
4.300291000000000281e+02 1.816162999999999972e+00 1.229300000000000011e-02
4.400298000000000229e+02 1.761851999999999974e+00 9.268000000000000196e-03
4.500303999999999860e+02 1.732069999999999999e+00 2.147500000000000103e-02
4.600310999999999808e+02 1.719840999999999953e+00 3.126099999999999712e-02
4.700317999999999756e+02 1.714901999999999926e+00 3.439400000000000096e-02
4.800325000000000273e+02 1.711418000000000106e+00 3.261900000000000216e-02
4.900330999999999904e+02 1.707278999999999991e+00 2.844700000000000006e-02
5.000337999999999852e+02 1.702164999999999928e+00 2.362699999999999870e-02
5.100344999999999800e+02 1.696369000000000016e+00 1.909800000000000039e-02
5.200352000000000317e+02 1.690288999999999930e+00 1.525400000000000020e-02
5.300358999999999696e+02 1.684253000000000000e+00 1.218999999999999945e-02
5.400365000000000464e+02 1.678479999999999972e+00 9.851999999999999647e-03
5.500371999999999844e+02 1.673094999999999999e+00 8.134000000000000605e-03
5.600379000000000360e+02 1.668155999999999972e+00 6.915000000000000140e-03
5.700385999999999740e+02 1.663675000000000015e+00 6.083999999999999998e-03
5.800393000000000256e+02 1.659637000000000029e+00 5.547999999999999980e-03
5.900398999999999887e+02 1.656012000000000040e+00 5.231999999999999672e-03
6.000406000000000404e+02 1.652762000000000064e+00 5.078000000000000048e-03
6.100412999999999784e+02 1.649848999999999899e+00 5.039000000000000076e-03
6.200419000000000551e+02 1.647235000000000005e+00 5.082999999999999845e-03
6.300425999999999931e+02 1.644884999999999931e+00 5.185000000000000372e-03
6.400433000000000447e+02 1.642765999999999948e+00 5.326000000000000005e-03
6.500439000000000078e+02 1.640848000000000084e+00 5.492999999999999619e-03
6.600445999999999458e+02 1.639105999999999952e+00 5.676999999999999755e-03
6.700452999999999975e+02 1.637518000000000029e+00 5.870000000000000218e-03
6.800460000000000491e+02 1.636063999999999963e+00 6.067999999999999609e-03
6.900466000000000122e+02 1.634725999999999901e+00 6.268000000000000134e-03
7.000474000000000387e+02 1.633490000000000109e+00 6.468999999999999924e-03
7.100480000000000018e+02 1.632341999999999960e+00 6.668000000000000316e-03
7.200487000000000535e+02 1.631270999999999916e+00 6.865999999999999708e-03
7.300493999999999915e+02 1.630265999999999993e+00 7.062999999999999834e-03
7.400501000000000431e+02 1.629318999999999962e+00 7.257000000000000429e-03
7.500507000000000062e+02 1.628422000000000036e+00 7.452000000000000290e-03
7.600513999999999442e+02 1.627567999999999904e+00 7.644999999999999886e-03
7.700520999999999958e+02 1.626751000000000058e+00 7.839000000000000482e-03
7.800528000000000475e+02 1.625966000000000022e+00 8.035000000000000475e-03
7.900534000000000106e+02 1.625207999999999986e+00 8.231999999999999734e-03
8.000540999999999485e+02 1.624473000000000056e+00 8.432000000000000259e-03
8.100548000000000002e+02 1.623756999999999895e+00 8.635000000000000314e-03
8.200553999999999633e+02 1.623056000000000054e+00 8.843999999999999431e-03
8.300561999999999898e+02 1.622368999999999950e+00 9.057000000000000814e-03
8.400567999999999529e+02 1.621690999999999994e+00 9.277000000000000524e-03
8.500575000000000045e+02 1.621019999999999905e+00 9.504999999999999560e-03
8.600582000000000562e+02 1.620354000000000072e+00 9.740000000000000394e-03
8.700588000000000193e+02 1.619691999999999910e+00 9.985000000000000819e-03
8.800594999999999573e+02 1.619029999999999969e+00 1.023899999999999984e-02
8.900602000000000089e+02 1.618368999999999946e+00 1.050500000000000045e-02
9.000608999999999469e+02 1.617704999999999949e+00 1.078299999999999918e-02
9.100615999999999985e+02 1.617037000000000058e+00 1.107299999999999951e-02
9.200621999999999616e+02 1.616365000000000052e+00 1.137799999999999923e-02
9.300629000000000133e+02 1.615685999999999956e+00 1.169800000000000006e-02
9.400635999999999513e+02 1.615000999999999909e+00 1.203399999999999956e-02
9.500643000000000029e+02 1.614306999999999936e+00 1.238799999999999971e-02
9.600648999999999660e+02 1.613604000000000038e+00 1.276000000000000051e-02
9.700656000000000176e+02 1.612889999999999935e+00 1.315299999999999976e-02
9.800662999999999556e+02 1.612165999999999988e+00 1.356599999999999993e-02
9.900669000000000324e+02 1.611429999999999918e+00 1.400200000000000056e-02
1.000067599999999970e+03 1.610681999999999947e+00 1.446199999999999916e-02
1.010068300000000022e+03 1.609920000000000018e+00 1.494799999999999948e-02
1.020068999999999960e+03 1.609145999999999965e+00 1.546200000000000005e-02
1.030069700000000012e+03 1.608357000000000037e+00 1.600400000000000086e-02
1.040070300000000088e+03 1.607553000000000010e+00 1.657700000000000146e-02
1.050070999999999913e+03 1.606735000000000024e+00 1.718400000000000136e-02
1.060071699999999964e+03 1.605901999999999941e+00 1.782500000000000057e-02
1.070072400000000016e+03 1.605053999999999981e+00 1.850299999999999861e-02
1.080073000000000093e+03 1.604190999999999923e+00 1.922000000000000097e-02
1.090073699999999917e+03 1.603312999999999988e+00 1.997900000000000023e-02
1.100074299999999994e+03 1.602419999999999956e+00 2.078299999999999939e-02
1.110075100000000020e+03 1.601512999999999964e+00 2.163299999999999945e-02
1.120075800000000072e+03 1.600591000000000097e+00 2.253399999999999848e-02
1.130076499999999896e+03 1.599657000000000107e+00 2.348700000000000093e-02
1.140077099999999973e+03 1.598710000000000075e+00 2.449700000000000141e-02
1.150077800000000025e+03 1.597752000000000061e+00 2.556599999999999845e-02
1.160078500000000076e+03 1.596783999999999981e+00 2.669900000000000051e-02
1.170079099999999926e+03 1.595807999999999893e+00 2.789799999999999919e-02
1.180079999999999927e+03 1.594826000000000077e+00 2.916799999999999948e-02
1.190080400000000054e+03 1.593839999999999923e+00 3.051299999999999846e-02
1.200081200000000081e+03 1.592853000000000074e+00 3.193700000000000011e-02
