301.62 1.70653 0.16953
303.22 1.70387 0.16444
304.82 1.70119 0.16031
306.42 1.69862 0.15704
308.02 1.6963 0.15452
309.62 1.69431 0.15264
311.22 1.69272 0.15126
312.82 1.69155 0.15026
314.42 1.69082 0.14952
316.02 1.6905 0.14894
317.62 1.69055 0.14842
319.22 1.69093 0.1479
320.82 1.69156 0.14734
322.42 1.6924 0.1467
324.02 1.69338 0.146
325.62 1.69447 0.14524
327.22 1.69563 0.14446
328.82 1.69687 0.14369
330.42 1.6982 0.14296
332.02 1.69966 0.14229
333.62 1.70128 0.14169
335.22 1.70314 0.14114
336.82 1.70528 0.1406
338.42 1.70776 0.14001
340.02 1.71059 0.13929
341.62 1.71379 0.13833
343.22 1.71734 0.13704
344.81 1.72117 0.13531
346.41 1.72521 0.13305
348.01 1.72934 0.1302
349.61 1.73345 0.12671
351.21 1.73741 0.1226
352.81 1.74108 0.11787
354.42 1.74434 0.11258
356.02 1.7471 0.10681
357.62 1.74926 0.10068
359.22 1.75077 0.09427
360.82 1.7516 0.08773
362.42 1.75176 0.08117
364.01 1.75125 0.07469
365.61 1.75013 0.06841
367.21 1.74846 0.06241
368.81 1.74629 0.05675
370.41 1.74372 0.05149
372.01 1.74081 0.04666
373.61 1.73766 0.04228
375.21 1.73433 0.03835
376.8 1.73089 0.03486
378.4 1.72741 0.03178
380 1.72393 0.0291
381.6 1.72051 0.02678
383.2 1.71716 0.02479
384.8 1.71393 0.02308
386.4 1.71082 0.02162
387.99 1.70785 0.02039
389.59 1.70502 0.01934
391.19 1.70233 0.01845
392.79 1.6998 0.01769
394.39 1.6974 0.01704
395.98 1.69514 0.01649
397.58 1.693 0.016
399.18 1.69098 0.01558
400.78 1.68908 0.0152
402.38 1.68728 0.01486
403.97 1.68557 0.01455
405.57 1.68395 0.01426
407.17 1.68242 0.01399
408.77 1.68095 0.01373
410.37 1.67955 0.01348
411.96 1.67822 0.01323
413.56 1.67694 0.01299
415.16 1.67571 0.01275
416.76 1.67453 0.01251
418.35 1.67339 0.01227
419.95 1.67229 0.01203
421.55 1.67123 0.01179
423.14 1.67019 0.01154
424.74 1.66919 0.01129
426.34 1.66821 0.01104
427.94 1.66726 0.01079
429.53 1.66633 0.01054
431.13 1.66541 0.01028
432.74 1.66452 0.01003
434.33 1.66364 0.00977
435.93 1.66278 0.00951
437.53 1.66193 0.00925
439.12 1.66109 0.009
440.72 1.66026 0.00874
442.32 1.65945 0.00848
443.91 1.65864 0.00823
445.51 1.65784 0.00798
447.11 1.65705 0.00773
448.7 1.65626 0.00748
450.3 1.65548 0.00724
451.89 1.65471 0.007
453.49 1.65394 0.00676
455.09 1.65317 0.00653
456.68 1.65241 0.0063
458.28 1.65166 0.00608
459.87 1.6509 0.00587
461.47 1.65015 0.00565
463.07 1.6494 0.00545
464.66 1.64865 0.00525
466.26 1.6479 0.00506
467.85 1.64715 0.00488
469.45 1.6464 0.00471
471.04 1.64565 0.00454
472.64 1.6449 0.00439
474.23 1.64415 0.00425
475.83 1.6434 0.00412
477.42 1.64265 0.004
479.02 1.64189 0.0039
480.61 1.64114 0.00382
482.21 1.64039 0.00376
483.8 1.63964 0.00371
485.4 1.63889 0.00368
486.99 1.63815 0.00368
488.59 1.63742 0.00369
490.18 1.63669 0.00373
491.78 1.63597 0.00379
493.37 1.63526 0.00388
494.96 1.63457 0.00399
496.56 1.63389 0.00412
498.15 1.63324 0.00427
499.75 1.6326 0.00444
501.34 1.63199 0.00463
502.93 1.63141 0.00484
504.53 1.63086 0.00507
506.12 1.63033 0.0053
507.71 1.62983 0.00554
509.31 1.62937 0.00579
510.91 1.62894 0.00604
512.5 1.62854 0.00628
514.1 1.62817 0.00653
515.69 1.62783 0.00676
517.28 1.62752 0.00698
518.88 1.62723 0.00718
520.47 1.62697 0.00737
522.06 1.62672 0.00753
523.65 1.62649 0.00768
525.25 1.62627 0.0078
526.84 1.62606 0.00789
528.43 1.62585 0.00797
530.02 1.62565 0.00802
531.62 1.62544 0.00804
533.21 1.62522 0.00805
534.8 1.62499 0.00804
536.39 1.62474 0.00801
537.98 1.62448 0.00796
539.58 1.6242 0.00791
541.17 1.6239 0.00786
542.76 1.62357 0.0078
544.35 1.62322 0.00774
545.94 1.62285 0.00769
547.53 1.62246 0.00765
549.12 1.62204 0.00762
550.72 1.62161 0.00762
552.31 1.62116 0.00763
553.9 1.62069 0.00768
555.49 1.62021 0.00774
557.08 1.61973 0.00784
558.67 1.61923 0.00798
560.26 1.61874 0.00815
561.85 1.61825 0.00835
563.44 1.61777 0.00859
565.03 1.6173 0.00886
566.62 1.61685 0.00918
568.21 1.61642 0.00952
569.8 1.61601 0.0099
571.39 1.61564 0.01031
572.98 1.61529 0.01075
574.57 1.61498 0.01122
576.16 1.61472 0.0117
577.75 1.61449 0.01221
579.34 1.61431 0.01273
580.93 1.61417 0.01326
582.52 1.61408 0.0138
584.1 1.61404 0.01433
585.69 1.61405 0.01487
587.28 1.61411 0.01539
588.88 1.61421 0.01591
590.47 1.61436 0.01641
592.06 1.61455 0.01689
593.65 1.61479 0.01734
595.23 1.61507 0.01776
596.82 1.61538 0.01816
598.41 1.61573 0.01851
600 1.61612 0.01883
601.59 1.61652 0.01911
603.17 1.61696 0.01935
604.76 1.61741 0.01955
606.35 1.61788 0.0197
607.94 1.61836 0.0198
609.52 1.61885 0.01986
611.11 1.61934 0.01987
612.7 1.61983 0.01983
614.28 1.62032 0.01976
615.87 1.62081 0.01963
617.46 1.62128 0.01947
619.04 1.62174 0.01926
620.63 1.62218 0.01902
622.21 1.6226 0.01873
623.8 1.623 0.01842
625.39 1.62338 0.01807
626.97 1.62373 0.01769
628.56 1.62405 0.01728
630.14 1.62434 0.01685
631.73 1.6246 0.0164
633.31 1.62484 0.01593
634.9 1.62504 0.01545
636.48 1.6252 0.01495
638.07 1.62534 0.01444
639.65 1.62544 0.01392
641.24 1.62551 0.0134
642.82 1.62555 0.01287
644.41 1.62556 0.01235
645.99 1.62554 0.01182
647.58 1.62549 0.0113
649.16 1.62542 0.01079
650.74 1.62532 0.01028
652.33 1.62519 0.00978
653.91 1.62503 0.00928
655.49 1.62486 0.00881
657.08 1.62466 0.00834
658.66 1.62445 0.00788
660.24 1.62421 0.00744
661.83 1.62396 0.00701
663.41 1.6237 0.0066
664.99 1.62342 0.0062
666.58 1.62312 0.00583
668.17 1.62282 0.00546
669.75 1.6225 0.00511
671.33 1.62218 0.00478
672.91 1.62185 0.00446
674.5 1.62152 0.00416
676.08 1.62117 0.00387
677.66 1.62083 0.0036
679.24 1.62048 0.00335
680.82 1.62012 0.00311
682.4 1.61977 0.00288
683.98 1.61942 0.00266
685.56 1.61906 0.00246
687.15 1.61871 0.00228
688.73 1.61835 0.0021
690.31 1.618 0.00193
691.89 1.61765 0.00178
693.47 1.6173 0.00164
695.05 1.61695 0.0015
696.63 1.61661 0.00138
698.21 1.61627 0.00127
699.79 1.61593 0.00116
701.36 1.6156 0.00106
702.94 1.61527 9.69E-4
704.52 1.61495 8.85E-4
706.1 1.61463 8.07E-4
707.68 1.61431 7.36E-4
709.26 1.614 6.7E-4
710.84 1.61369 6.1E-4
712.42 1.61338 5.54E-4
713.99 1.61308 5.04E-4
715.57 1.61278 4.57E-4
717.15 1.61249 4.15E-4
718.73 1.6122 3.76E-4
720.31 1.61191 3.4E-4
721.88 1.61163 3.08E-4
723.46 1.61135 2.78E-4
725.04 1.61107 2.52E-4
726.61 1.6108 2.27E-4
728.19 1.61053 2.05E-4
729.77 1.61026 1.85E-4
731.34 1.60999 1.67E-4
732.92 1.60973 1.51E-4
734.5 1.60947 1.36E-4
736.07 1.60921 1.23E-4
737.65 1.60896 1.11E-4
739.22 1.6087 1.01E-4
740.8 1.60845 9.2E-5
742.38 1.6082 8.4E-5
743.95 1.60795 7.7E-5
745.54 1.6077 7.1E-5
747.11 1.60746 6.6E-5
748.69 1.60721 6.2E-5
750.26 1.60697 5.9E-5
751.83 1.60672 5.7E-5
753.41 1.60648 5.6E-5
754.98 1.60623 5.6E-5
756.56 1.60599 5.7E-5
758.13 1.60575 5.9E-5
759.7 1.6055 6.2E-5
761.28 1.60526 6.7E-5
762.85 1.60501 7.3E-5
764.42 1.60477 8.1E-5
766 1.60452 9E-5
767.57 1.60427 1.01E-4
769.14 1.60402 1.14E-4
770.71 1.60377 1.29E-4
772.29 1.60352 1.47E-4
773.86 1.60327 1.67E-4
775.43 1.60301 1.9E-4
777 1.60275 2.16E-4
778.57 1.6025 2.45E-4
780.14 1.60224 2.78E-4
781.72 1.60197 3.15E-4
783.29 1.60171 3.56E-4
784.86 1.60144 4.02E-4
786.43 1.60118 4.53E-4
788 1.60091 5.09E-4
789.57 1.60064 5.71E-4
791.14 1.60036 6.38E-4
792.71 1.60009 7.12E-4
794.28 1.59982 7.93E-4
795.85 1.59954 8.81E-4
797.42 1.59926 9.76E-4
798.99 1.59899 0.00108
800.56 1.59871 0.00119
802.12 1.59844 0.00131
803.69 1.59817 0.00144
805.26 1.59789 0.00158
806.83 1.59762 0.00172
808.4 1.59736 0.00188
809.97 1.59709 0.00205
811.53 1.59683 0.00222
813.1 1.59658 0.00241
814.67 1.59633 0.0026
816.24 1.59608 0.00281
817.8 1.59584 0.00302
819.37 1.59561 0.00325
820.94 1.59539 0.00348
822.5 1.59518 0.00373
824.08 1.59497 0.00398
825.65 1.59478 0.00424
827.21 1.59459 0.00451
828.78 1.59442 0.00479
830.34 1.59426 0.00508
831.91 1.59412 0.00537
833.47 1.59398 0.00567
835.04 1.59387 0.00597
836.6 1.59376 0.00628
838.17 1.59367 0.00659
839.73 1.5936 0.00691
841.3 1.59354 0.00722
842.86 1.5935 0.00754
844.42 1.59347 0.00786
845.99 1.59346 0.00818
847.55 1.59347 0.0085
849.11 1.5935 0.00881
850.68 1.59354 0.00912
852.24 1.5936 0.00943
853.8 1.59367 0.00973
855.36 1.59376 0.01002
856.93 1.59387 0.0103
858.49 1.59399 0.01058
860.05 1.59413 0.01085
861.61 1.59428 0.0111
863.17 1.59444 0.01135
864.73 1.59462 0.01158
866.29 1.59481 0.0118
867.86 1.59501 0.01201
869.42 1.59522 0.0122
870.98 1.59544 0.01237
872.54 1.59567 0.01253
874.1 1.59591 0.01268
875.66 1.59616 0.01281
877.22 1.59641 0.01292
878.77 1.59666 0.01302
880.33 1.59692 0.01309
881.89 1.59719 0.01316
883.45 1.59745 0.0132
885.01 1.59772 0.01323
886.57 1.59798 0.01324
888.13 1.59825 0.01323
889.68 1.59851 0.0132
891.24 1.59877 0.01316
892.8 1.59902 0.01311
894.36 1.59928 0.01303
895.91 1.59952 0.01295
897.47 1.59976 0.01284
899.03 1.59999 0.01273
900.58 1.60022 0.0126
902.15 1.60043 0.01245
903.71 1.60064 0.0123
905.26 1.60084 0.01213
906.82 1.60103 0.01195
908.37 1.6012 0.01176
909.93 1.60137 0.01156
911.48 1.60152 0.01135
913.04 1.60167 0.01114
914.59 1.6018 0.01091
916.14 1.60192 0.01068
917.7 1.60203 0.01045
919.25 1.60212 0.01021
920.81 1.60221 0.00996
922.36 1.60228 0.00971
923.91 1.60234 0.00946
925.47 1.60238 0.0092
927.02 1.60242 0.00895
928.57 1.60244 0.00869
930.12 1.60245 0.00843
931.67 1.60245 0.00817
933.23 1.60244 0.00791
934.78 1.60242 0.00766
936.33 1.60239 0.0074
937.88 1.60234 0.00715
939.43 1.60229 0.0069
940.98 1.60223 0.00665
942.53 1.60216 0.00641
944.08 1.60207 0.00617
945.63 1.60199 0.00593
947.18 1.60189 0.0057
948.73 1.60178 0.00547
950.28 1.60167 0.00525
951.83 1.60155 0.00503
953.38 1.60143 0.00482
954.93 1.60129 0.00461
956.47 1.60116 0.00441
958.02 1.60101 0.00421
959.57 1.60086 0.00402
961.12 1.60071 0.00383
962.67 1.60055 0.00365
964.21 1.60039 0.00348
965.76 1.60023 0.00331
967.31 1.60006 0.00315
968.85 1.59989 0.003
970.4 1.59971 0.00285
971.94 1.59954 0.0027
973.49 1.59936 0.00256
975.04 1.59918 0.00243
976.58 1.599 0.0023
978.13 1.59882 0.00218
979.67 1.59863 0.00206
981.22 1.59845 0.00195
982.77 1.59826 0.00184
984.31 1.59808 0.00174
985.86 1.59789 0.00164
987.4 1.59771 0.00154
988.94 1.59752 0.00145
990.49 1.59734 0.00137
992.03 1.59715 0.00129
993.57 1.59697 0.00121
995.11 1.59678 0.00114
996.66 1.5966 0.00107
998.2 1.59642 0.00101
999.74 1.59624 9.44E-4
1012.4 1.59479 5.48E-4
1015.8 1.59442 4.71E-4
1019.21 1.59405 4.03E-4
1022.61 1.59369 3.44E-4
1026.01 1.59333 2.93E-4
1029.42 1.59299 2.5E-4
1032.82 1.59265 2.12E-4
1036.22 1.59231 1.79E-4
1039.63 1.59198 1.51E-4
1043.03 1.59166 1.28E-4
1046.43 1.59134 1.07E-4
1049.83 1.59103 9E-5
1053.24 1.59072 7.6E-5
1056.64 1.59042 6.3E-5
1060.05 1.59012 5.3E-5
1063.45 1.58983 4.4E-5
1066.85 1.58954 3.7E-5
1070.25 1.58925 3.1E-5
1073.66 1.58897 2.6E-5
1077.06 1.58869 2.2E-5
1080.46 1.58841 1.8E-5
1083.86 1.58814 1.5E-5
1087.26 1.58786 1.3E-5
1090.66 1.58759 1.1E-5
1094.06 1.58732 1E-5
1097.47 1.58706 9E-6
1100.87 1.58679 8E-6
1104.27 1.58653 8E-6
1107.67 1.58627 8E-6
1111.07 1.58601 8E-6
1114.47 1.58575 9E-6
1117.87 1.58549 9E-6
1121.27 1.58523 1.1E-5
1124.67 1.58497 1.2E-5
1128.08 1.58472 1.3E-5
1131.48 1.58446 1.5E-5
1134.88 1.58421 1.8E-5
1138.29 1.58395 2E-5
1141.69 1.5837 2.3E-5
1145.09 1.58344 2.7E-5
1148.49 1.58319 3.1E-5
1151.9 1.58293 3.5E-5
1155.3 1.58268 4E-5
1158.7 1.58242 4.6E-5
1162.1 1.58217 5.2E-5
1165.5 1.58192 6E-5
1168.91 1.58166 6.8E-5
1172.31 1.58141 7.6E-5
1175.71 1.58115 8.6E-5
1179.11 1.5809 9.7E-5
1182.52 1.58064 1.09E-4
1185.92 1.58039 1.22E-4
1189.32 1.58013 1.36E-4
1192.73 1.57988 1.51E-4
1196.13 1.57962 1.68E-4
1199.53 1.57936 1.86E-4
1202.94 1.57911 2.06E-4
1206.34 1.57885 2.27E-4
1209.75 1.5786 2.5E-4
1213.15 1.57834 2.75E-4
1216.57 1.57808 3.01E-4
1219.97 1.57783 3.29E-4
1223.38 1.57757 3.59E-4
1226.78 1.57732 3.91E-4
1230.19 1.57706 4.25E-4
1233.59 1.57681 4.61E-4
1237 1.57655 5E-4
1240.41 1.5763 5.4E-4
1243.81 1.57605 5.82E-4
1247.22 1.5758 6.26E-4
1250.63 1.57555 6.73E-4
1254.04 1.57529 7.21E-4
1257.45 1.57505 7.72E-4
1260.85 1.5748 8.25E-4
1264.26 1.57455 8.79E-4
1267.67 1.57431 9.36E-4
1271.08 1.57407 9.95E-4
1274.49 1.57383 0.00105
1277.9 1.57359 0.00112
1281.31 1.57335 0.00118
1284.72 1.57312 0.00125
1288.14 1.57289 0.00131
1291.55 1.57266 0.00138
1294.97 1.57243 0.00145
1298.38 1.57221 0.00152
1301.8 1.57199 0.0016
1305.21 1.57177 0.00167
1308.62 1.57156 0.00174
1312.04 1.57134 0.00182
1315.45 1.57113 0.00189
1318.87 1.57093 0.00197
1322.29 1.57072 0.00204
1325.7 1.57052 0.00212
1329.12 1.57033 0.00219
1332.54 1.57013 0.00227
1335.95 1.56994 0.00234
1339.37 1.56975 0.00242
1342.79 1.56957 0.00249
1346.21 1.56938 0.00256
1349.63 1.5692 0.00263
1353.05 1.56903 0.0027
1356.47 1.56885 0.00277
1359.89 1.56868 0.00283
1363.32 1.56852 0.00289
1366.74 1.56835 0.00296
1370.16 1.56819 0.00301
1373.6 1.56802 0.00307
1377.02 1.56787 0.00313
1380.45 1.56771 0.00318
1383.87 1.56755 0.00323
1387.3 1.5674 0.00327
1390.73 1.56725 0.00332
1394.15 1.5671 0.00336
1397.58 1.56695 0.0034
1401.01 1.5668 0.00343
1404.44 1.56665 0.00346
1407.87 1.56651 0.00349
1411.3 1.56636 0.00352
1414.73 1.56622 0.00354
1418.16 1.56607 0.00356
1421.6 1.56593 0.00358
1425.03 1.56578 0.00359
1428.47 1.56564 0.0036
1431.9 1.56549 0.0036
1435.34 1.56535 0.00361
1438.77 1.5652 0.00361
1442.21 1.56505 0.0036
1445.65 1.5649 0.0036
1449.09 1.56475 0.00359
1452.54 1.56461 0.00357
1455.98 1.56445 0.00356
1459.42 1.5643 0.00354
1462.86 1.56414 0.00352
1466.3 1.56399 0.0035
1469.75 1.56383 0.00347
1473.19 1.56367 0.00344
1476.63 1.56351 0.00341
1480.08 1.56334 0.00338
1483.53 1.56318 0.00335
1486.97 1.56301 0.00331
1490.42 1.56284 0.00327
1493.87 1.56266 0.00323
1497.32 1.56249 0.00319
1500.77 1.56231 0.00314
1504.23 1.56213 0.0031
1507.68 1.56195 0.00305
1511.13 1.56176 0.003
1514.59 1.56157 0.00296
1518.04 1.56138 0.00291
1521.5 1.56119 0.00285
1524.95 1.56099 0.0028
1528.41 1.56079 0.00275
1531.88 1.56059 0.0027
1535.34 1.56039 0.00264
1538.8 1.56018 0.00259
1542.26 1.55997 0.00253
1545.73 1.55976 0.00248
1549.19 1.55955 0.00242
1552.66 1.55933 0.00237
1556.12 1.55911 0.00231
1559.59 1.55889 0.00226
1563.06 1.55867 0.0022
1566.53 1.55844 0.00215
1570 1.55821 0.00209
1573.47 1.55798 0.00204
1576.94 1.55775 0.00199
1580.41 1.55752 0.00193
1583.89 1.55728 0.00188
1587.36 1.55704 0.00183
1590.84 1.5568 0.00178
1594.31 1.55656 0.00173
1597.79 1.55631 0.00168
1601.27 1.55606 0.00163
1604.75 1.55581 0.00158
1608.24 1.55557 0.00153
1611.73 1.55531 0.00148
1615.21 1.55506 0.00144
1618.7 1.5548 0.00139
1622.18 1.55455 0.00135
1625.67 1.55429 0.0013
1629.16 1.55403 0.00126
1632.65 1.55377 0.00122
1636.14 1.5535 0.00118
1639.63 1.55324 0.00114
1643.12 1.55297 0.0011
1646.62 1.55271 0.00106
1650.11 1.55244 0.00102
1653.61 1.55217 9.85E-4
1657.11 1.5519 9.5E-4
1660.6 1.55163 9.15E-4
1664.1 1.55136 8.82E-4
1667.61 1.55108 8.49E-4
1671.11 1.55081 8.18E-4
1674.61 1.55053 7.87E-4
1678.12 1.55026 7.57E-4
1681.62 1.54998 7.28E-4
1685.13 1.5497 7E-4
